[2 5 1 3 3 1 3 1 1 2] 22
[1 3 5 2 1 1 3 3 2 1] 22
[3 4 1 5 3 3 1 3 2 1] 26
[1 3 5 2 1 3 1 2 1 3] 22
[1 5 3 4 3 1 1 3 3 2] 26
[1 3 5 4 3 3 1 2 3 1] 26
[2 5 1 3 3 1 2 1 1 3] 22
[4 3 1 5 3 3 3 2 1 1] 26
[2 1 3 5 1 1 1 3 2 3] 22
[3 5 2 1 1 1 3 1 3 2] 22
[2 5 3 1 3 1 3 1 1 2] 22
[2 1 3 5 1 3 2 3 1 1] 22
[2 5 1 3 2 3 3 1 1 1] 22
[5 1 2 3 1 3 1 1 2 3] 22
[5 4 3 1 3 3 2 1 3 1] 26
[1 3 4 5 3 3 2 1 3 1] 26
[4 1 3 5 1 2 1 3 3 3] 26
[4 5 1 3 1 2 3 3 1 3] 26
[1 3 2 5 1 2 1 3 3 1] 22
[5 4 1 3 3 1 3 3 2 1] 26
[3 2 1 5 1 1 3 2 3 1] 22
[3 4 5 1 3 2 1 1 3 3] 26
[3 1 4 5 3 2 3 3 1 1] 26
[1 5 3 2 3 1 1 3 1 2] 22
[4 3 5 1 1 3 2 1 3 3] 26
[1 3 4 5 1 3 3 2 3 1] 26
[5 1 2 3 1 3 1 1 3 2] 22
[3 2 1 5 1 3 1 1 3 2] 22
[2 3 5 1 2 3 1 1 3 1] 22
[5 2 3 1 3 3 2 1 1 1] 22
[1 5 4 3 3 2 1 3 3 1] 26
[3 1 5 4 3 3 1 2 3 1] 26
[4 1 3 5 2 1 3 3 3 1] 26
[3 1 4 5 1 3 3 2 1 3] 26
[3 1 4 5 1 3 3 3 1 2] 26
[4 1 5 3 3 3 3 1 2 1] 26
[1 3 5 2 1 3 1 3 2 1] 22
[4 5 3 1 1 2 3 3 1 3] 26
[1 5 3 2 3 2 3 1 1 1] 22
[3 5 1 4 3 3 1 1 2 3] 26
[4 5 1 3 1 2 1 3 3 3] 26
[5 1 3 4 3 3 1 3 2 1] 26
[2 5 3 1 1 2 3 3 1 1] 22
[3 1 2 5 1 2 1 3 3 1] 22
[1 3 5 2 1 1 3 1 2 3] 22
[1 2 5 3 1 3 1 1 2 3] 22
[1 4 3 5 2 1 1 3 3 3] 26
[5 4 3 1 1 3 1 3 3 2] 26
[5 2 3 1 2 1 1 3 1 3] 22
[4 1 3 5 1 1 3 3 2 3] 26
[1 3 5 4 1 3 3 3 2 1] 26
[1 5 2 3 3 1 1 3 2 1] 22
[1 3 4 5 1 1 3 2 3 3] 26
[5 2 1 3 1 1 3 3 2 1] 22
[3 5 1 2 3 1 1 3 2 1] 22
[2 1 3 5 1 3 3 1 2 1] 22
[5 2 1 3 3 2 3 1 1 1] 22
[3 1 5 2 1 3 1 2 1 3] 22
[3 2 5 1 1 1 3 1 3 2] 22
[4 1 3 5 3 3 1 3 2 1] 26
[5 2 1 3 1 2 1 3 3 1] 22
[1 3 2 5 3 2 3 1 1 1] 22
[5 1 4 3 3 1 3 2 3 1] 26
[5 3 4 1 3 1 3 3 2 1] 26
[3 5 1 2 3 1 2 1 3 1] 22
[5 3 4 1 1 2 1 3 3 3] 26
[5 4 1 3 2 3 1 1 3 3] 26
[5 2 3 1 3 2 3 1 1 1] 22
[5 2 1 3 1 3 2 1 3 1] 22
[5 3 1 2 1 1 3 2 3 1] 22
[4 3 1 5 3 2 1 3 3 1] 26
[1 4 5 3 3 1 3 2 1 3] 26
[2 1 5 3 2 1 1 3 1 3] 22
[1 4 5 3 1 3 3 3 2 1] 26
[5 4 1 3 2 1 3 3 1 3] 26
[2 1 3 5 2 3 3 1 1 1] 22
[5 3 4 1 1 1 3 3 3 2] 26
[3 1 4 5 3 2 3 1 1 3] 26
[3 5 2 1 1 3 2 1 1 3] 22
[1 2 3 5 1 3 1 1 2 3] 22
[1 5 4 3 1 3 2 3 3 1] 26
[5 1 3 2 3 1 3 1 2 1] 22
[1 2 5 3 2 3 3 1 1 1] 22
[3 5 1 4 1 3 3 2 1 3] 26
[1 3 5 4 1 1 2 3 3 3] 26
[1 4 5 3 3 3 1 2 1 3] 26
[2 5 1 3 1 3 1 2 3 1] 22
[5 2 3 1 3 2 1 1 1 3] 22
[5 3 2 1 3 2 1 3 1 1] 22
[3 2 5 1 1 1 1 2 3 3] 22
[2 1 3 5 1 3 2 1 3 1] 22
[1 3 5 2 1 1 2 1 3 3] 22
[5 4 3 1 1 2 3 3 3 1] 26
[5 4 1 3 1 3 2 3 1 3] 26
[1 3 5 2 3 3 1 1 2 1] 22
[3 5 1 2 1 1 3 2 3 1] 22
[1 3 4 5 3 1 2 3 3 1] 26
[1 3 4 5 3 1 1 2 3 3] 26
[3 1 5 4 1 3 2 1 3 3] 26
[5 1 3 2 2 1 3 3 1 1] 22
[3 2 5 1 1 3 1 1 3 2] 22
[1 3 5 4 1 3 2 3 3 1] 26
[1 3 4 5 1 3 3 2 1 3] 26
[1 5 3 4 1 3 1 2 3 3] 26
[2 3 5 1 3 1 2 3 1 1] 22
[1 3 5 2 1 2 1 1 3 3] 22
[3 1 4 5 3 1 2 3 1 3] 26
[5 4 1 3 1 3 1 2 3 3] 26
[3 2 5 1 3 1 1 1 3 2] 22
[3 1 5 4 1 3 3 3 2 1] 26
[1 4 5 3 1 3 2 3 1 3] 26
[5 1 3 2 2 3 1 1 3 1] 22
[3 1 2 5 1 3 1 3 2 1] 22
[2 5 1 3 3 3 1 1 2 1] 22
[3 1 4 5 3 3 1 3 2 1] 26
[2 5 3 1 1 3 2 3 1 1] 22
[3 1 5 4 1 3 3 2 3 1] 26
[5 3 1 2 3 2 1 1 1 3] 22
[3 5 4 1 3 2 1 3 1 3] 26
[4 1 5 3 2 3 3 1 1 3] 26
[5 1 2 3 3 1 2 3 1 1] 22
[3 1 5 2 2 3 3 1 1 1] 22
[1 2 3 5 1 3 1 2 3 1] 22
[2 1 5 3 3 1 2 1 1 3] 22
[2 1 3 5 1 3 1 1 2 3] 22
[1 5 4 3 3 1 1 3 2 3] 26
[1 4 5 3 3 2 1 1 3 3] 26
[5 1 2 3 3 1 3 1 1 2] 22
[1 2 5 3 3 2 1 3 1 1] 22
[1 4 3 5 3 1 3 1 2 3] 26
[3 1 5 4 3 3 3 1 1 2] 26
[1 3 4 5 3 1 3 2 3 1] 26
[4 3 1 5 1 3 1 2 3 3] 26
[5 3 4 1 2 3 3 3 1 1] 26
[3 1 5 4 2 3 3 3 1 1] 26
[3 5 1 2 3 1 3 1 2 1] 22
[2 5 3 1 3 1 1 1 3 2] 22
[1 3 4 5 3 2 3 1 3 1] 26
[2 1 5 3 1 3 1 2 1 3] 22
[1 4 3 5 3 3 2 1 3 1] 26
[5 4 1 3 3 2 3 1 1 3] 26
[2 1 3 5 3 1 2 1 3 1] 22
[1 5 3 4 2 3 1 1 3 3] 26
[1 3 5 2 3 2 1 3 1 1] 22
[2 5 1 3 1 3 3 1 2 1] 22
[5 1 4 3 3 3 1 1 3 2] 26
[1 2 3 5 3 1 1 2 3 1] 22
[4 5 3 1 1 3 3 1 2 3] 26
[2 3 1 5 1 1 1 2 3 3] 22
[5 1 3 2 1 1 1 3 2 3] 22
[5 1 3 4 2 3 1 3 1 3] 26
[5 1 3 2 1 1 2 1 3 3] 22
[3 1 4 5 1 3 2 1 3 3] 26
[3 1 2 5 1 2 1 1 3 3] 22
[2 1 5 3 2 1 1 1 3 3] 22
[2 3 1 5 1 3 3 1 1 2] 22
[3 1 2 5 3 2 1 3 1 1] 22
[3 5 1 2 3 3 1 1 1 2] 22
[4 5 1 3 1 1 2 3 3 3] 26
[5 3 4 1 3 3 3 2 1 1] 26
[4 1 5 3 3 3 1 3 2 1] 26
[1 5 3 2 2 1 3 1 3 1] 22
[4 5 3 1 3 1 3 3 1 2] 26
[1 4 3 5 1 3 2 3 1 3] 26
[5 2 1 3 1 2 1 1 3 3] 22
[5 3 1 2 3 3 2 1 1 1] 22
[5 1 2 3 3 1 1 3 2 1] 22
[5 2 3 1 2 1 3 1 3 1] 22
[3 5 1 4 3 1 1 3 3 2] 26
[3 5 1 2 3 2 3 1 1 1] 22
[2 5 1 3 1 2 1 3 3 1] 22
[1 5 2 3 1 1 1 3 2 3] 22
[5 2 3 1 1 2 1 3 3 1] 22
[5 1 4 3 1 3 3 2 3 1] 26
[5 3 2 1 3 1 1 3 2 1] 22
[1 2 5 3 1 1 1 2 3 3] 22
[1 2 3 5 3 2 1 3 1 1] 22
[5 3 1 4 3 1 3 1 3 2] 26
[3 5 4 1 3 3 1 2 1 3] 26
[1 3 5 4 3 3 1 3 1 2] 26
[1 2 3 5 1 2 3 1 1 3] 22
[5 3 4 1 3 2 3 1 3 1] 26
[2 1 3 5 2 1 1 1 3 3] 22
[1 3 5 2 1 3 3 2 1 1] 22
[4 5 3 1 3 2 3 1 3 1] 26
[4 3 1 5 3 3 3 1 1 2] 26
[5 1 4 3 1 2 3 3 3 1] 26
[3 5 1 4 3 2 1 3 1 3] 26
[4 3 1 5 2 3 1 1 3 3] 26
[1 5 4 3 3 1 3 3 1 2] 26
[1 2 5 3 3 1 2 1 1 3] 22
[5 3 1 2 2 3 1 1 1 3] 22
[3 1 4 5 1 3 2 3 3 1] 26
[4 3 5 1 1 3 1 2 3 3] 26
[3 1 5 4 3 1 2 3 1 3] 26
[3 2 5 1 3 2 1 1 1 3] 22
[4 1 5 3 1 3 3 2 1 3] 26
[3 5 1 2 1 3 2 1 1 3] 22
[3 5 2 1 3 1 3 1 2 1] 22
[2 3 1 5 1 3 3 2 1 1] 22
[4 5 3 1 3 1 2 3 1 3] 26
[3 5 2 1 1 2 3 1 1 3] 22
[2 3 5 1 1 3 2 3 1 1] 22
[5 1 2 3 1 2 1 3 3 1] 22
[5 3 1 2 1 1 2 1 3 3] 22
[3 1 4 5 3 1 3 3 2 1] 26
[3 5 4 1 2 1 3 3 1 3] 26
[5 3 4 1 3 3 1 1 3 2] 26
[5 1 2 3 3 1 2 1 3 1] 22
[5 2 3 1 1 1 1 2 3 3] 22
[1 4 5 3 1 1 3 3 3 2] 26
[5 4 3 1 3 1 1 3 3 2] 26
[4 5 1 3 2 3 3 1 1 3] 26
[5 3 2 1 2 1 3 1 1 3] 22
[1 5 3 4 3 2 3 1 1 3] 26
[3 1 2 5 1 1 2 1 3 3] 22
[3 4 5 1 3 1 1 3 3 2] 26
[1 5 3 2 3 1 2 3 1 1] 22
[1 2 3 5 1 3 2 3 1 1] 22
[5 1 4 3 1 1 3 2 3 3] 26
[2 1 5 3 3 3 2 1 1 1] 22
[5 1 3 2 1 1 3 1 3 2] 22
[3 5 1 4 3 3 3 2 1 1] 26
[3 2 5 1 3 1 2 1 3 1] 22
[5 2 3 1 1 1 3 2 1 3] 22
[1 3 4 5 1 2 3 3 1 3] 26
[1 5 2 3 1 2 3 3 1 1] 22
[5 4 1 3 3 1 1 2 3 3] 26
[3 2 5 1 3 3 1 1 2 1] 22
[1 3 5 2 1 1 3 2 1 3] 22
[5 1 3 2 1 1 3 1 2 3] 22
[3 4 1 5 1 3 3 1 2 3] 26
[3 1 2 5 2 1 1 3 1 3] 22
[3 2 1 5 3 1 3 2 1 1] 22
[2 1 3 5 3 2 1 1 3 1] 22
[3 1 2 5 1 2 1 3 1 3] 22
[1 2 3 5 3 1 3 2 1 1] 22
[5 2 1 3 2 1 3 1 1 3] 22
[3 1 2 5 1 1 2 3 3 1] 22
[3 1 2 5 3 1 1 2 1 3] 22
[4 3 1 5 2 1 3 1 3 3] 26
[5 1 2 3 1 3 1 3 2 1] 22
[3 1 2 5 3 1 2 3 1 1] 22
[1 2 5 3 1 3 1 3 1 2] 22
[5 2 3 1 1 3 1 1 2 3] 22
[1 4 3 5 2 3 1 1 3 3] 26
[2 1 3 5 3 3 1 1 2 1] 22
[3 1 4 5 1 3 3 1 2 3] 26
[1 5 3 4 3 3 2 1 3 1] 26
[3 1 5 2 1 3 3 1 1 2] 22
[5 3 2 1 3 1 1 1 2 3] 22
[3 1 2 5 1 1 1 3 2 3] 22
[5 3 1 4 1 3 3 3 2 1] 26
[2 5 3 1 2 1 3 3 1 1] 22
[5 3 4 1 2 1 1 3 3 3] 26
[5 1 2 3 3 2 1 3 1 1] 22
[1 4 3 5 3 1 1 3 2 3] 26
[1 5 2 3 1 2 1 3 3 1] 22
[5 2 1 3 1 3 3 1 1 2] 22
[2 1 3 5 3 1 3 2 1 1] 22
[1 3 5 2 1 3 3 1 1 2] 22
[2 3 1 5 1 3 2 3 1 1] 22
[2 1 5 3 2 1 3 3 1 1] 22
[2 3 1 5 3 2 1 1 1 3] 22
[1 4 3 5 3 1 3 2 3 1] 26
[3 1 4 5 1 2 3 3 1 3] 26
[2 1 5 3 1 3 3 1 2 1] 22
[1 4 5 3 3 3 1 2 3 1] 26
[5 2 1 3 2 3 1 3 1 1] 22
[5 3 4 1 3 2 1 1 3 3] 26
[2 3 1 5 1 1 3 2 1 3] 22
[2 1 5 3 1 1 2 1 3 3] 22
[5 3 1 2 1 1 2 3 1 3] 22
[3 5 1 2 1 2 1 3 1 3] 22
[2 1 3 5 1 2 1 3 1 3] 22
[3 5 4 1 1 1 3 3 3 2] 26
[4 1 5 3 1 2 3 3 3 1] 26
[5 3 2 1 3 1 1 2 3 1] 22
[4 5 3 1 3 1 2 3 3 1] 26
[1 5 3 4 3 1 3 3 2 1] 26
[5 4 3 1 3 3 2 1 1 3] 26
[1 5 3 4 3 3 2 3 1 1] 26
[5 3 4 1 3 3 2 3 1 1] 26
[4 1 3 5 2 3 3 3 1 1] 26
[2 1 5 3 1 2 1 3 1 3] 22
[1 5 2 3 3 1 1 3 1 2] 22
[1 3 2 5 1 1 3 3 1 2] 22
[5 3 2 1 1 2 1 3 3 1] 22
[4 5 1 3 1 3 1 3 2 3] 26
[3 4 5 1 1 2 3 1 3 3] 26
[1 5 4 3 3 3 1 1 2 3] 26
[4 1 3 5 3 1 3 3 2 1] 26
[5 4 1 3 1 2 3 3 3 1] 26
[1 2 3 5 3 3 1 1 2 1] 22
[1 4 5 3 3 3 3 1 1 2] 26
[1 3 2 5 1 1 3 2 3 1] 22
[3 1 5 4 3 3 2 3 1 1] 26
[1 5 3 4 1 3 2 1 3 3] 26
[5 1 4 3 3 3 2 1 1 3] 26
[4 3 1 5 1 1 3 2 3 3] 26
[2 1 5 3 1 1 2 3 3 1] 22
[4 5 3 1 2 3 3 3 1 1] 26
[5 3 1 4 3 3 1 2 1 3] 26
[3 4 5 1 3 3 1 2 1 3] 26
[5 2 1 3 3 1 2 1 1 3] 22
[5 1 4 3 3 3 2 3 1 1] 26
[1 2 3 5 3 1 2 1 3 1] 22
[1 5 3 4 2 3 1 3 1 3] 26
[3 4 1 5 2 3 1 1 3 3] 26
[2 3 1 5 3 1 3 1 2 1] 22
[3 4 5 1 1 2 3 3 3 1] 26
[2 1 5 3 3 2 1 3 1 1] 22
[4 5 3 1 3 3 1 2 1 3] 26
[5 1 4 3 3 1 1 3 3 2] 26
[5 3 1 4 3 3 2 3 1 1] 26
[2 3 5 1 1 3 2 1 1 3] 22
[5 3 1 4 1 2 3 3 3 1] 26
[3 2 5 1 3 1 1 2 1 3] 22
[2 1 3 5 2 1 3 1 3 1] 22
[1 3 5 4 3 3 3 2 1 1] 26
[2 1 3 5 2 1 1 3 3 1] 22
[4 1 3 5 3 3 3 1 2 1] 26
[5 3 1 2 3 3 1 1 2 1] 22
[5 2 3 1 1 3 1 1 3 2] 22
[5 3 1 4 3 3 2 1 1 3] 26
[1 5 3 4 1 3 3 3 2 1] 26
[1 3 5 4 1 3 3 1 3 2] 26
[3 1 5 4 2 1 3 3 1 3] 26
[1 5 4 3 1 2 3 1 3 3] 26
[5 3 1 4 1 2 1 3 3 3] 26
[1 2 5 3 1 3 1 2 3 1] 22
[5 3 1 4 2 3 1 1 3 3] 26
[5 3 1 4 1 2 3 1 3 3] 26
[1 3 2 5 3 1 2 1 1 3] 22
[5 3 1 2 2 1 1 3 1 3] 22
[1 3 4 5 2 3 3 1 3 1] 26
[3 4 5 1 1 3 3 2 3 1] 26
[5 1 2 3 2 3 1 3 1 1] 22
[4 1 5 3 3 3 3 2 1 1] 26
[1 5 3 4 3 2 3 3 1 1] 26
[1 2 3 5 3 1 3 1 2 1] 22
[3 4 5 1 2 1 1 3 3 3] 26
[1 3 2 5 1 1 2 1 3 3] 22
[3 4 5 1 3 1 3 3 1 2] 26
[1 2 5 3 1 1 3 2 1 3] 22
[5 2 1 3 1 1 1 3 2 3] 22
[1 5 3 2 2 1 1 3 1 3] 22
[3 1 5 4 3 2 1 1 3 3] 26
[1 5 4 3 3 1 3 2 1 3] 26
[2 1 3 5 3 1 1 2 1 3] 22
[2 5 3 1 3 2 1 1 1 3] 22
[3 1 2 5 1 3 3 1 2 1] 22
[2 5 3 1 2 1 1 3 3 1] 22
[3 5 1 2 1 3 3 1 1 2] 22
[1 3 2 5 1 2 3 1 3 1] 22
[1 5 3 2 1 1 3 3 2 1] 22
[5 3 1 2 1 3 1 1 3 2] 22
[3 2 1 5 3 1 2 3 1 1] 22
[3 5 1 4 1 1 2 3 3 3] 26
[2 1 3 5 3 2 3 1 1 1] 22
[3 1 5 2 3 2 3 1 1 1] 22
[5 4 3 1 2 1 3 1 3 3] 26
[1 4 3 5 1 2 3 3 3 1] 26
[5 1 3 2 1 2 1 1 3 3] 22
[4 1 5 3 3 1 1 2 3 3] 26
[5 4 1 3 3 2 3 3 1 1] 26
[3 5 2 1 1 1 2 3 1 3] 22
[1 4 5 3 1 3 3 2 3 1] 26
[4 5 1 3 3 1 3 3 1 2] 26
[3 1 4 5 1 3 3 1 3 2] 26
[3 5 1 4 1 3 3 3 1 2] 26
[3 5 2 1 2 1 1 3 3 1] 22
[1 4 3 5 1 3 1 3 2 3] 26
[3 2 5 1 1 1 2 1 3 3] 22
[1 5 2 3 2 1 1 3 3 1] 22
[3 1 5 4 3 2 1 3 3 1] 26
[1 5 4 3 1 3 1 3 3 2] 26
[5 4 3 1 1 3 1 2 3 3] 26
[3 5 4 1 3 1 3 1 3 2] 26
[1 3 5 2 3 1 3 2 1 1] 22
[5 4 1 3 2 1 1 3 3 3] 26
[1 5 3 2 1 3 3 1 1 2] 22
[4 3 5 1 2 3 3 3 1 1] 26
[5 2 1 3 3 2 1 1 1 3] 22
[5 1 3 2 1 3 1 1 3 2] 22
[5 1 3 2 1 3 1 2 3 1] 22
[5 1 2 3 1 2 1 3 1 3] 22
[5 4 1 3 3 3 2 1 3 1] 26
[2 3 5 1 1 3 1 1 2 3] 22
[3 4 5 1 3 2 3 1 1 3] 26
[5 1 3 2 1 1 3 2 1 3] 22
[3 5 1 4 3 1 2 3 1 3] 26
[1 5 3 4 3 3 1 3 2 1] 26
[3 1 5 4 3 1 3 1 2 3] 26
[1 3 5 2 1 2 3 1 3 1] 22
[4 3 1 5 3 1 2 3 3 1] 26
[4 1 3 5 1 3 3 2 1 3] 26
[3 4 1 5 3 2 3 1 1 3] 26
[4 5 3 1 3 1 3 2 3 1] 26
[4 5 1 3 3 3 1 2 3 1] 26
[3 5 4 1 3 2 3 1 3 1] 26
[1 5 2 3 1 1 1 3 3 2] 22
[5 3 4 1 3 2 3 1 1 3] 26
[1 3 4 5 1 2 3 1 3 3] 26
[4 1 5 3 3 1 3 2 3 1] 26
[5 1 2 3 1 1 3 1 2 3] 22
[3 5 2 1 1 3 1 1 2 3] 22
[2 3 5 1 1 2 1 3 3 1] 22
[4 3 1 5 1 3 3 1 2 3] 26
[2 3 1 5 1 1 2 1 3 3] 22
[3 1 5 4 3 1 2 3 3 1] 26
[5 2 1 3 1 1 3 1 3 2] 22
[2 3 5 1 1 1 1 3 2 3] 22
[4 3 5 1 2 3 1 3 3 1] 26
[2 5 1 3 2 1 3 3 1 1] 22
[5 1 2 3 1 3 1 3 1 2] 22
[1 3 2 5 1 1 1 2 3 3] 22
[1 5 3 4 3 3 1 1 2 3] 26
[5 1 4 3 2 1 1 3 3 3] 26
[1 3 5 4 2 1 3 3 3 1] 26
[2 5 3 1 1 3 1 3 2 1] 22
[1 3 5 4 3 1 3 2 3 1] 26
[1 3 5 2 3 1 3 1 2 1] 22
[3 4 1 5 3 3 2 1 1 3] 26
[3 5 1 4 3 3 1 1 3 2] 26
[5 3 4 1 3 3 1 3 2 1] 26
[5 1 4 3 2 1 3 3 1 3] 26
[2 1 5 3 2 1 1 3 3 1] 22
[1 4 3 5 2 1 3 1 3 3] 26
[5 2 1 3 3 3 1 1 1 2] 22
[1 5 3 4 3 2 1 1 3 3] 26
[5 4 1 3 1 2 3 3 1 3] 26
[1 2 5 3 1 1 2 3 3 1] 22
[3 1 2 5 1 3 1 3 1 2] 22
[1 3 5 2 1 3 3 1 2 1] 22
[1 3 2 5 3 2 1 3 1 1] 22
[3 2 5 1 1 1 1 3 2 3] 22
[4 3 1 5 3 1 1 3 3 2] 26
[5 3 1 2 1 2 1 3 1 3] 22
[3 5 4 1 3 2 1 3 3 1] 26
[2 5 1 3 3 1 2 3 1 1] 22
[3 2 1 5 1 3 1 3 2 1] 22
[3 1 5 4 1 3 1 3 3 2] 26
[3 5 1 2 3 1 1 1 3 2] 22
[1 5 2 3 2 1 1 3 1 3] 22
[5 4 1 3 1 3 3 3 2 1] 26
[3 5 2 1 2 3 1 1 1 3] 22
[2 5 1 3 1 1 1 2 3 3] 22
[5 4 3 1 3 2 3 1 3 1] 26
[3 2 5 1 3 1 1 2 3 1] 22
[4 5 3 1 3 1 3 1 3 2] 26
[3 1 2 5 3 2 1 1 1 3] 22
[5 3 1 2 1 1 1 3 3 2] 22
[5 1 3 4 2 1 3 3 3 1] 26
[2 3 1 5 2 1 1 1 3 3] 22
[1 5 2 3 1 3 1 3 2 1] 22
[4 5 3 1 1 3 2 3 3 1] 26
[5 1 3 4 3 3 3 1 1 2] 26
[5 4 1 3 3 3 1 3 1 2] 26
[3 2 1 5 3 1 1 1 3 2] 22
[1 4 5 3 3 1 2 1 3 3] 26
[5 2 1 3 1 2 3 3 1 1] 22
[5 3 1 4 3 3 3 2 1 1] 26
[3 1 5 4 3 1 1 2 3 3] 26
[1 5 2 3 1 1 2 3 3 1] 22
[1 2 3 5 1 1 2 3 1 3] 22
[3 5 4 1 1 3 1 3 2 3] 26
[1 4 3 5 1 3 1 3 3 2] 26
[2 5 1 3 1 1 2 1 3 3] 22
[5 3 1 2 3 1 1 3 1 2] 22
[4 5 1 3 3 3 1 2 1 3] 26
[3 2 1 5 1 1 3 2 1 3] 22
[2 3 5 1 2 1 3 1 3 1] 22
[3 5 1 2 2 3 1 1 3 1] 22
[4 3 1 5 3 2 1 1 3 3] 26
[2 1 5 3 3 3 1 2 1 1] 22
[1 4 3 5 3 3 3 1 1 2] 26
[4 3 5 1 3 1 3 2 3 1] 26
[1 2 3 5 1 1 3 3 1 2] 22
[5 2 1 3 3 3 2 1 1 1] 22
[4 5 1 3 3 1 2 1 3 3] 26
[5 1 4 3 1 2 1 3 3 3] 26
[4 1 5 3 3 3 1 1 2 3] 26
[1 3 2 5 1 3 2 1 3 1] 22
[2 3 1 5 1 2 3 1 3 1] 22
[2 5 1 3 1 1 3 3 2 1] 22
[1 5 3 2 3 1 3 1 2 1] 22
[5 2 1 3 1 3 1 2 3 1] 22
[1 2 3 5 3 3 1 1 1 2] 22
[5 3 2 1 2 3 3 1 1 1] 22
[3 5 4 1 3 1 3 2 1 3] 26
[1 3 5 4 2 3 1 1 3 3] 26
[5 2 3 1 1 3 3 1 1 2] 22
[1 3 4 5 2 3 1 3 1 3] 26
[5 4 3 1 3 3 1 3 1 2] 26
[5 3 1 2 3 3 1 1 1 2] 22
[3 5 2 1 3 3 1 2 1 1] 22
[3 5 1 2 2 1 3 1 3 1] 22
[1 2 3 5 3 2 3 1 1 1] 22
[1 5 3 4 3 1 2 1 3 3] 26
[1 5 3 4 3 3 2 1 1 3] 26
[1 3 5 4 3 1 3 3 1 2] 26
[5 2 3 1 3 1 2 3 1 1] 22
[4 1 5 3 2 3 3 1 3 1] 26
[3 1 4 5 3 3 2 1 1 3] 26
[3 4 1 5 3 1 1 3 2 3] 26
[3 4 1 5 1 3 2 3 3 1] 26
[4 1 5 3 3 2 3 1 1 3] 26
[3 4 1 5 3 3 1 2 1 3] 26
[5 3 2 1 1 2 1 1 3 3] 22
[3 4 5 1 3 1 3 1 3 2] 26
[2 1 5 3 1 3 3 2 1 1] 22
[2 1 3 5 1 1 3 2 1 3] 22
[1 4 5 3 2 3 3 1 1 3] 26
[2 1 5 3 3 1 2 1 3 1] 22
[2 1 3 5 1 1 2 3 1 3] 22
[3 1 2 5 1 1 3 3 2 1] 22
[2 1 5 3 1 2 3 3 1 1] 22
[1 3 5 4 3 1 3 1 2 3] 26
[4 1 3 5 3 1 3 3 1 2] 26
[5 1 3 2 1 3 2 3 1 1] 22
[3 5 2 1 3 2 3 1 1 1] 22
[3 5 1 4 3 3 1 3 2 1] 26
[5 1 2 3 1 3 3 1 2 1] 22
[5 3 1 4 3 3 2 1 3 1] 26
[1 5 3 2 3 1 1 3 2 1] 22
[5 3 1 4 3 1 1 2 3 3] 26
[4 1 5 3 1 3 2 1 3 3] 26
[1 3 5 2 1 3 2 1 1 3] 22
[2 3 1 5 1 3 3 1 2 1] 22
[1 3 5 2 2 1 3 3 1 1] 22
[5 2 1 3 1 1 2 3 1 3] 22
[5 3 2 1 1 1 3 1 2 3] 22
[3 5 1 2 1 3 1 3 1 2] 22
[3 4 5 1 1 1 3 3 3 2] 26
[3 4 5 1 3 2 3 1 3 1] 26
[5 1 3 4 3 1 3 2 1 3] 26
[3 1 2 5 2 3 1 3 1 1] 22
[5 4 3 1 1 2 1 3 3 3] 26
[4 3 1 5 3 2 3 3 1 1] 26
[3 1 4 5 1 1 2 3 3 3] 26
[1 3 2 5 2 1 3 1 3 1] 22
[3 1 5 2 3 1 3 1 2 1] 22
[5 1 3 4 1 3 1 3 2 3] 26
[1 4 3 5 1 3 3 1 3 2] 26
[5 1 2 3 1 1 3 3 1 2] 22
[5 3 2 1 3 1 2 3 1 1] 22
[3 1 2 5 3 3 1 2 1 1] 22
[2 3 5 1 3 1 3 2 1 1] 22
[5 1 3 4 1 3 2 3 1 3] 26
[1 5 3 4 3 1 3 1 2 3] 26
[5 3 4 1 3 2 3 3 1 1] 26
[3 4 1 5 3 1 3 1 3 2] 26
[3 2 1 5 1 3 1 2 1 3] 22
[1 4 3 5 2 3 3 3 1 1] 26
[3 2 1 5 3 3 1 2 1 1] 22
[4 3 1 5 3 3 1 3 2 1] 26
[5 3 2 1 1 3 3 1 1 2] 22
[3 2 1 5 1 3 2 1 3 1] 22
[5 3 1 4 1 1 3 2 3 3] 26
[1 5 2 3 3 1 1 2 1 3] 22
[5 1 3 4 1 3 3 3 2 1] 26
[3 4 5 1 3 1 2 3 3 1] 26
[1 5 3 4 2 3 1 3 3 1] 26
[3 5 1 2 2 1 1 3 1 3] 22
[3 5 1 4 2 3 1 1 3 3] 26
[2 3 1 5 3 3 1 2 1 1] 22
[3 1 5 4 3 2 1 3 1 3] 26
[5 2 1 3 3 2 1 1 3 1] 22
[5 3 2 1 3 2 1 1 1 3] 22
[5 2 1 3 1 3 3 1 2 1] 22
[2 1 5 3 1 1 3 1 3 2] 22
[3 1 4 5 1 3 3 3 2 1] 26
[3 5 1 2 2 3 1 1 1 3] 22
[5 1 3 4 3 1 2 3 1 3] 26
[2 3 5 1 3 3 2 1 1 1] 22
[5 4 3 1 1 3 2 3 3 1] 26
[5 2 1 3 2 3 1 1 1 3] 22
[1 2 3 5 3 1 3 1 1 2] 22
[2 3 1 5 1 3 1 1 2 3] 22
[1 4 5 3 1 3 3 1 3 2] 26
[3 2 5 1 1 3 1 3 1 2] 22
[1 5 3 2 1 3 1 1 2 3] 22
[1 3 4 5 3 3 1 3 1 2] 26
[2 3 5 1 1 1 3 3 2 1] 22
[2 5 1 3 1 3 1 1 2 3] 22
[5 4 1 3 3 3 1 1 2 3] 26
[1 2 3 5 1 3 1 1 3 2] 22
[5 3 4 1 3 1 1 2 3 3] 26
[3 4 5 1 3 3 2 3 1 1] 26
[3 5 2 1 2 3 1 1 3 1] 22
[3 4 1 5 3 3 2 1 3 1] 26
[4 5 3 1 1 1 3 3 3 2] 26
[5 4 3 1 1 3 3 3 1 2] 26
[1 3 4 5 1 1 3 3 2 3] 26
[5 4 1 3 3 1 2 3 1 3] 26
[3 1 4 5 3 1 3 2 1 3] 26
[1 5 3 4 1 3 3 1 2 3] 26
[3 2 1 5 1 3 3 1 2 1] 22
[3 1 4 5 2 1 3 3 1 3] 26
[2 5 3 1 3 1 2 3 1 1] 22
[3 2 1 5 1 1 3 1 3 2] 22
[3 1 5 2 1 3 3 2 1 1] 22
[3 4 1 5 1 3 1 3 2 3] 26
[5 4 1 3 3 3 2 1 1 3] 26
[3 5 4 1 3 2 3 1 1 3] 26
[4 1 3 5 1 3 3 2 3 1] 26
[3 5 4 1 2 3 3 1 1 3] 26
[4 3 1 5 3 2 3 1 1 3] 26
[2 3 5 1 1 2 3 1 3 1] 22
[4 3 5 1 3 3 3 1 2 1] 26
[3 5 1 2 1 1 1 3 2 3] 22
[5 2 1 3 1 3 3 2 1 1] 22
[3 1 5 4 1 3 1 3 2 3] 26
[2 1 3 5 3 2 1 1 1 3] 22
[4 1 5 3 1 1 3 3 2 3] 26
[4 3 1 5 2 1 3 3 1 3] 26
[5 3 1 4 2 1 1 3 3 3] 26
[3 5 1 4 3 3 2 1 3 1] 26
[4 5 3 1 1 3 3 3 2 1] 26
[5 4 1 3 3 1 3 1 2 3] 26
[2 5 1 3 3 1 1 2 1 3] 22
[3 4 5 1 2 3 3 3 1 1] 26
[5 1 3 2 3 1 1 2 1 3] 22
[1 3 5 4 1 3 2 3 1 3] 26
[1 2 5 3 1 3 1 1 3 2] 22
[2 3 1 5 3 3 1 1 1 2] 22
[5 4 3 1 3 1 3 2 1 3] 26
[3 1 5 4 1 3 3 1 2 3] 26
[3 5 4 1 1 3 3 3 1 2] 26
[5 1 3 2 2 3 1 1 1 3] 22
[5 4 1 3 3 3 3 1 1 2] 26
[3 4 1 5 3 1 3 3 2 1] 26
[3 2 1 5 1 2 1 3 3 1] 22
[3 5 2 1 1 3 1 1 3 2] 22
[3 1 2 5 1 2 3 1 3 1] 22
[4 5 3 1 1 3 3 1 3 2] 26
[3 5 1 4 3 3 1 3 1 2] 26
[5 3 1 4 2 1 3 3 1 3] 26
[3 4 5 1 2 3 1 3 1 3] 26
[4 1 5 3 1 3 1 2 3 3] 26
[1 4 3 5 3 1 3 3 2 1] 26
[3 5 4 1 3 3 2 1 1 3] 26
[2 1 3 5 2 3 1 1 1 3] 22
[5 3 1 2 3 1 3 1 1 2] 22
[5 2 1 3 1 1 1 3 3 2] 22
[5 3 1 4 3 2 1 3 1 3] 26
[4 3 5 1 3 3 1 3 2 1] 26
[1 5 4 3 2 3 1 3 3 1] 26
[2 1 5 3 3 1 1 3 2 1] 22
[5 3 4 1 3 1 3 1 2 3] 26
[2 3 1 5 1 3 1 2 1 3] 22
[1 5 3 4 1 3 2 3 3 1] 26
[2 3 1 5 3 1 2 3 1 1] 22
[1 2 5 3 1 3 2 3 1 1] 22
[3 4 5 1 3 1 2 3 1 3] 26
[2 3 5 1 1 3 3 1 1 2] 22
[2 3 1 5 3 3 2 1 1 1] 22
[3 1 2 5 3 1 3 1 2 1] 22
[3 1 5 4 3 3 1 1 2 3] 26
[5 3 4 1 3 1 1 3 2 3] 26
[3 1 2 5 3 1 1 2 3 1] 22
[3 1 5 4 2 1 3 1 3 3] 26
[5 3 2 1 1 1 2 1 3 3] 22
[1 4 5 3 1 3 1 2 3 3] 26
[3 1 2 5 1 3 2 1 1 3] 22
[4 5 1 3 1 3 3 2 1 3] 26
[1 3 2 5 1 2 1 1 3 3] 22
[3 5 1 2 1 2 1 1 3 3] 22
[5 1 3 2 3 3 2 1 1 1] 22
[2 3 5 1 3 1 3 1 1 2] 22
[5 2 1 3 3 1 1 1 2 3] 22
[5 1 4 3 1 3 3 1 2 3] 26
[4 1 3 5 3 1 3 2 1 3] 26
[5 3 4 1 3 1 3 2 3 1] 26
[1 3 4 5 3 1 3 1 3 2] 26
[3 5 2 1 1 3 1 3 1 2] 22
[5 4 3 1 1 3 2 3 1 3] 26
[5 1 4 3 3 2 3 1 3 1] 26
[5 2 3 1 1 2 3 1 3 1] 22
[3 4 5 1 2 3 3 1 3 1] 26
[3 5 4 1 2 1 1 3 3 3] 26
[1 5 2 3 3 1 3 1 2 1] 22
[3 1 2 5 3 1 1 3 1 2] 22
[4 1 5 3 1 3 1 3 2 3] 26
[4 3 1 5 1 2 3 1 3 3] 26
[5 3 4 1 3 1 2 3 1 3] 26
[4 3 5 1 2 1 1 3 3 3] 26
[5 2 3 1 2 3 3 1 1 1] 22
[5 2 1 3 1 3 1 1 3 2] 22
[4 5 1 3 2 1 3 1 3 3] 26
[4 5 1 3 3 2 1 1 3 3] 26
[3 5 1 2 1 3 1 2 1 3] 22
[4 3 5 1 3 3 1 2 3 1] 26
[1 3 2 5 1 1 3 1 2 3] 22
[5 3 2 1 1 3 1 2 3 1] 22
[3 1 2 5 1 1 3 2 1 3] 22
[5 4 1 3 1 1 3 3 3 2] 26
[3 2 1 5 1 3 1 1 2 3] 22
[4 3 1 5 1 3 2 1 3 3] 26
[3 4 5 1 3 1 3 2 1 3] 26
[3 2 5 1 3 1 3 1 2 1] 22
[5 1 3 4 3 3 3 2 1 1] 26
[3 1 4 5 3 1 2 3 3 1] 26
[3 5 1 2 3 1 3 1 1 2] 22
[4 1 5 3 3 3 2 3 1 1] 26
[4 3 5 1 3 3 3 2 1 1] 26
[1 3 5 4 2 1 1 3 3 3] 26
[5 4 3 1 3 3 3 1 2 1] 26
[3 2 5 1 1 3 1 3 2 1] 22
[5 4 1 3 3 1 3 1 3 2] 26
[3 1 5 4 3 2 3 3 1 1] 26
[5 3 2 1 1 3 1 1 3 2] 22
[4 5 1 3 1 1 3 2 3 3] 26
[4 3 1 5 2 3 3 3 1 1] 26
[3 2 5 1 1 1 3 3 1 2] 22
[3 5 1 2 1 1 2 1 3 3] 22
[1 5 3 2 1 1 3 3 1 2] 22
[2 5 1 3 3 1 1 3 1 2] 22
[5 1 4 3 2 3 1 3 1 3] 26
[5 3 4 1 1 2 3 3 3 1] 26
[1 4 3 5 1 1 3 3 2 3] 26
[5 3 4 1 1 3 2 1 3 3] 26
[3 1 5 4 3 3 3 1 2 1] 26
[5 4 3 1 3 2 1 3 3 1] 26
[3 1 5 2 2 3 1 1 1 3] 22
[1 5 3 4 3 3 3 2 1 1] 26
[3 4 1 5 3 1 3 3 1 2] 26
[4 3 5 1 1 3 3 1 2 3] 26
[1 3 5 2 3 3 1 1 1 2] 22
[1 2 5 3 1 2 1 1 3 3] 22
[2 5 3 1 3 1 1 3 2 1] 22
[1 2 3 5 1 1 3 2 1 3] 22
[1 5 4 3 3 1 2 3 1 3] 26
[1 3 5 2 1 1 1 2 3 3] 22
[3 1 5 2 3 2 1 1 1 3] 22
[5 1 3 2 1 1 3 2 3 1] 22
[2 3 5 1 1 1 2 3 1 3] 22
[2 1 3 5 3 1 3 1 1 2] 22
[1 4 5 3 3 1 2 3 3 1] 26
[2 1 3 5 2 3 1 3 1 1] 22
[5 1 2 3 3 1 1 2 3 1] 22
[3 1 4 5 2 3 1 1 3 3] 26
[4 5 1 3 1 2 3 1 3 3] 26
[3 2 1 5 2 1 3 1 3 1] 22
[5 1 2 3 3 2 1 1 3 1] 22
[5 1 3 4 1 3 3 2 1 3] 26
[3 5 4 1 3 1 1 3 2 3] 26
[5 2 1 3 3 1 3 2 1 1] 22
[3 1 2 5 1 3 1 2 3 1] 22
[5 3 1 4 3 1 2 3 1 3] 26
[2 3 1 5 3 2 1 3 1 1] 22
[4 5 3 1 3 2 3 1 1 3] 26
[1 5 3 4 1 3 3 1 3 2] 26
[3 5 4 1 3 1 3 3 2 1] 26
[2 3 1 5 3 1 1 3 1 2] 22
[1 5 2 3 1 3 2 1 1 3] 22
[5 1 2 3 1 3 2 1 3 1] 22
[1 5 2 3 2 3 1 1 3 1] 22
[3 2 5 1 3 2 1 3 1 1] 22
[2 5 1 3 1 2 3 1 3 1] 22
[1 3 2 5 2 1 3 3 1 1] 22
[3 1 4 5 2 1 1 3 3 3] 26
[4 5 1 3 1 3 2 3 3 1] 26
[3 1 5 2 1 3 1 3 2 1] 22
[2 3 1 5 3 1 1 3 2 1] 22
[5 1 3 2 3 1 2 1 3 1] 22
[5 2 3 1 3 3 1 1 2 1] 22
[1 3 4 5 3 1 2 1 3 3] 26
[1 5 4 3 3 3 1 3 2 1] 26
[2 3 5 1 1 3 3 1 2 1] 22
[2 3 1 5 1 3 1 3 2 1] 22
[2 3 1 5 3 1 1 1 3 2] 22
[1 3 5 2 1 2 1 3 1 3] 22
[3 1 4 5 3 1 1 3 2 3] 26
[3 1 4 5 3 1 3 1 3 2] 26
[3 5 1 4 1 2 3 3 1 3] 26
[3 4 1 5 2 3 1 3 1 3] 26
[5 2 3 1 3 1 1 3 1 2] 22
[4 3 5 1 1 3 3 2 3 1] 26
[5 3 4 1 3 1 2 1 3 3] 26
[3 5 2 1 3 3 2 1 1 1] 22
[5 1 3 4 1 3 3 1 2 3] 26
[5 3 2 1 1 3 3 1 2 1] 22
[1 2 3 5 3 1 1 3 1 2] 22
[1 2 3 5 1 1 3 3 2 1] 22
[4 5 1 3 1 1 3 3 2 3] 26
[3 5 1 2 2 3 1 3 1 1] 22
[5 3 1 4 1 3 3 3 1 2] 26
[3 2 1 5 1 1 3 3 1 2] 22
[1 3 4 5 3 2 1 3 3 1] 26
[1 3 2 5 3 1 3 1 2 1] 22
[5 2 1 3 2 1 1 3 3 1] 22
[5 3 2 1 3 3 1 1 2 1] 22
[3 5 4 1 3 3 2 3 1 1] 26
[1 5 2 3 3 3 1 1 2 1] 22
[5 3 1 4 1 3 2 3 1 3] 26
[5 4 1 3 1 3 3 3 1 2] 26
[3 5 2 1 3 1 1 2 1 3] 22
[2 1 5 3 3 3 1 1 1 2] 22
[4 5 1 3 1 3 3 3 2 1] 26
[3 1 5 4 3 3 1 2 1 3] 26
[3 5 1 4 1 3 3 1 3 2] 26
[2 3 1 5 3 1 2 1 1 3] 22
[5 1 2 3 2 3 1 1 3 1] 22
[1 4 3 5 3 2 3 3 1 1] 26
[2 3 5 1 3 1 1 1 3 2] 22
[3 5 2 1 3 1 3 1 1 2] 22
[1 5 2 3 2 3 1 3 1 1] 22
[3 4 5 1 3 2 3 3 1 1] 26
[4 3 5 1 3 1 3 1 3 2] 26
[3 2 5 1 1 2 1 3 1 3] 22
[1 2 3 5 1 1 3 1 2 3] 22
[5 2 3 1 1 3 2 3 1 1] 22
[5 1 4 3 2 3 3 3 1 1] 26
[3 1 5 2 1 3 1 1 2 3] 22
[2 5 3 1 3 2 1 1 3 1] 22
[1 3 5 4 3 3 1 2 1 3] 26
[4 1 3 5 1 3 3 1 2 3] 26
[3 5 1 4 3 1 3 2 3 1] 26
[5 1 3 4 1 3 2 3 3 1] 26
[3 5 4 1 3 1 3 1 2 3] 26
[5 3 1 2 3 1 2 1 1 3] 22
[3 1 2 5 1 3 3 1 1 2] 22
[5 1 4 3 2 3 1 3 3 1] 26
[2 3 1 5 1 1 3 1 3 2] 22
[3 1 5 2 1 3 2 1 3 1] 22
[5 2 3 1 3 1 1 1 2 3] 22
[5 3 4 1 3 3 3 1 2 1] 26
[5 3 2 1 1 2 1 3 1 3] 22
[5 4 1 3 3 3 1 2 1 3] 26
[5 4 3 1 3 3 3 2 1 1] 26
[5 3 1 4 3 3 3 1 1 2] 26
[5 3 1 4 3 1 2 3 3 1] 26
[5 1 2 3 3 2 3 1 1 1] 22
[5 3 1 2 1 3 1 2 3 1] 22
[1 3 4 5 3 1 3 2 1 3] 26
[4 5 3 1 2 1 3 3 1 3] 26
[1 3 4 5 3 1 3 1 2 3] 26
[5 4 1 3 3 3 3 1 2 1] 26
[2 5 3 1 1 3 3 1 2 1] 22
[4 3 5 1 3 1 1 2 3 3] 26
[1 3 2 5 1 1 3 1 3 2] 22
[5 1 2 3 1 2 3 1 3 1] 22
[5 1 3 2 3 1 1 2 3 1] 22
[4 5 1 3 3 3 2 3 1 1] 26
[2 5 1 3 1 3 2 1 1 3] 22
[3 5 2 1 1 1 3 3 2 1] 22
[4 5 1 3 3 3 1 3 2 1] 26
[4 1 3 5 3 2 1 3 3 1] 26
[1 5 3 2 3 1 3 2 1 1] 22
[4 1 5 3 2 3 1 3 1 3] 26
[4 3 5 1 3 3 1 1 2 3] 26
[3 5 2 1 2 1 3 1 3 1] 22
[1 3 5 4 3 2 1 3 3 1] 26
[3 2 1 5 2 3 1 1 1 3] 22
[3 2 1 5 1 2 3 3 1 1] 22
[3 1 2 5 1 1 2 3 1 3] 22
[2 5 1 3 2 1 1 3 3 1] 22
[3 2 1 5 1 1 1 3 3 2] 22
[3 1 4 5 3 1 3 3 1 2] 26
[1 5 4 3 3 1 1 3 3 2] 26
[4 3 5 1 3 2 1 3 1 3] 26
[4 1 5 3 3 1 3 1 3 2] 26
[4 1 3 5 1 3 2 1 3 3] 26
[4 5 1 3 3 3 3 1 2 1] 26
[3 2 1 5 1 2 3 1 3 1] 22
[5 4 3 1 1 3 3 2 3 1] 26
[2 5 1 3 3 1 3 1 2 1] 22
[1 3 4 5 3 1 3 3 1 2] 26
[1 4 3 5 1 3 3 1 2 3] 26
[3 1 4 5 3 3 1 1 3 2] 26
[4 5 3 1 1 1 3 3 2 3] 26
[5 3 2 1 1 1 3 2 3 1] 22
[1 2 5 3 1 3 2 1 1 3] 22
[4 3 1 5 1 1 3 3 3 2] 26
[2 1 5 3 1 1 2 3 1 3] 22
[5 4 3 1 2 3 3 1 3 1] 26
[3 5 4 1 1 1 3 3 2 3] 26
[5 3 1 2 3 1 3 1 2 1] 22
[2 3 1 5 1 3 1 2 3 1] 22
[1 3 5 2 3 1 1 1 2 3] 22
[1 5 3 2 1 1 3 2 1 3] 22
[1 3 4 5 1 2 1 3 3 3] 26
[1 5 4 3 3 2 1 3 1 3] 26
[1 3 2 5 3 1 2 3 1 1] 22
[1 2 3 5 1 3 1 3 1 2] 22
[1 2 5 3 1 3 1 2 1 3] 22
[1 5 4 3 1 3 3 2 3 1] 26
[4 1 5 3 3 3 1 2 3 1] 26
[4 5 1 3 3 3 3 1 1 2] 26
[1 5 2 3 2 3 1 1 1 3] 22
[3 5 1 4 3 3 3 1 1 2] 26
[3 5 1 2 3 3 1 1 2 1] 22
[1 3 2 5 1 1 2 3 3 1] 22
[1 5 2 3 2 1 3 1 3 1] 22
[5 3 4 1 1 3 3 3 1 2] 26
[2 3 1 5 2 3 1 1 3 1] 22
[2 5 3 1 1 1 1 3 2 3] 22
[1 4 3 5 3 3 3 1 2 1] 26
[2 5 3 1 3 1 2 1 3 1] 22
[5 3 1 2 3 1 1 1 2 3] 22
[5 1 2 3 1 1 3 2 1 3] 22
[1 5 4 3 3 3 2 1 3 1] 26
[4 1 5 3 3 1 3 2 1 3] 26
[5 4 1 3 3 3 3 2 1 1] 26
[3 4 5 1 3 3 1 1 2 3] 26
[5 4 3 1 3 2 3 3 1 1] 26
[5 3 4 1 1 3 3 3 2 1] 26
[1 4 3 5 2 1 3 3 1 3] 26
[1 2 5 3 3 1 3 1 1 2] 22
[1 4 5 3 3 1 3 3 2 1] 26
[3 5 4 1 3 3 1 3 2 1] 26
[5 3 1 2 1 3 1 3 1 2] 22
[3 4 1 5 2 1 3 3 3 1] 26
[5 3 2 1 2 3 1 3 1 1] 22
[3 5 1 4 1 3 2 1 3 3] 26
[5 4 3 1 3 3 2 3 1 1] 26
[3 4 5 1 3 1 3 1 2 3] 26
[5 3 2 1 3 1 3 1 1 2] 22
[5 3 4 1 3 3 2 1 1 3] 26
[1 3 4 5 2 3 1 1 3 3] 26
[3 1 5 2 1 3 2 1 1 3] 22
[1 3 2 5 1 3 3 1 1 2] 22
[5 1 2 3 3 3 1 1 2 1] 22
[1 3 5 2 3 1 1 2 3 1] 22
[1 5 2 3 1 2 1 1 3 3] 22
[3 5 1 2 2 1 1 3 3 1] 22
[4 5 3 1 1 3 1 3 3 2] 26
[1 3 2 5 1 3 1 3 1 2] 22
[2 1 3 5 3 1 1 3 2 1] 22
[3 2 5 1 1 3 1 2 1 3] 22
[2 1 5 3 1 2 1 3 3 1] 22
[3 1 4 5 3 3 3 1 2 1] 26
[2 1 5 3 2 3 1 1 1 3] 22
[5 2 3 1 1 3 2 1 3 1] 22
[5 1 3 4 3 1 1 3 2 3] 26
[1 3 4 5 3 3 3 1 1 2] 26
[1 3 2 5 3 3 2 1 1 1] 22
[4 1 3 5 3 3 1 1 3 2] 26
[4 1 5 3 1 3 3 3 1 2] 26
[4 1 5 3 3 2 3 3 1 1] 26
[1 4 5 3 3 3 1 1 2 3] 26
[4 5 3 1 2 3 3 1 3 1] 26
[5 4 3 1 3 1 3 1 2 3] 26
[3 2 1 5 3 1 1 2 3 1] 22
[3 4 5 1 1 1 3 2 3 3] 26
[5 3 2 1 3 2 3 1 1 1] 22
[3 5 4 1 1 2 3 3 1 3] 26
[1 5 2 3 3 3 2 1 1 1] 22
[2 5 3 1 2 1 1 3 1 3] 22
[4 5 3 1 2 3 1 3 3 1] 26
[5 3 4 1 3 1 2 3 3 1] 26
[3 5 1 4 3 1 1 3 2 3] 26
[4 5 1 3 3 1 2 3 1 3] 26
[5 1 4 3 3 2 3 1 1 3] 26
[1 5 3 4 2 1 1 3 3 3] 26
[3 2 1 5 1 1 2 3 3 1] 22
[4 3 5 1 3 1 3 1 2 3] 26
[1 2 5 3 3 3 1 1 1 2] 22
[5 3 2 1 1 1 2 3 1 3] 22
[5 1 3 4 1 3 2 1 3 3] 26
[5 3 1 2 1 3 3 1 1 2] 22
[4 3 1 5 2 3 3 1 3 1] 26
[4 5 1 3 1 3 3 2 3 1] 26
[1 4 3 5 1 3 3 2 3 1] 26
[1 5 3 2 2 3 1 1 1 3] 22
[3 1 5 4 1 3 2 3 1 3] 26
[5 1 4 3 1 3 3 3 2 1] 26
[5 2 3 1 1 1 2 3 3 1] 22
[1 5 3 2 1 2 3 3 1 1] 22
[5 3 2 1 1 3 3 2 1 1] 22
[5 1 3 4 3 3 1 1 2 3] 26
[3 4 1 5 3 3 2 3 1 1] 26
[1 5 3 2 1 2 3 1 3 1] 22
[1 4 5 3 3 2 1 3 3 1] 26
[5 4 3 1 2 3 3 3 1 1] 26
[1 5 3 2 3 1 1 1 2 3] 22
[1 2 5 3 2 3 1 3 1 1] 22
[3 5 1 4 3 1 3 3 1 2] 26
[5 1 3 4 3 2 1 3 1 3] 26
[4 1 5 3 3 2 1 3 1 3] 26
[1 3 4 5 1 3 2 3 1 3] 26
[1 3 2 5 2 3 1 1 1 3] 22
[2 1 3 5 2 3 1 1 3 1] 22
[1 2 3 5 3 1 1 1 2 3] 22
[5 3 2 1 1 3 2 1 3 1] 22
[1 5 3 4 2 1 3 3 1 3] 26
[1 3 2 5 1 1 3 3 2 1] 22
[3 5 4 1 2 1 3 1 3 3] 26
[3 1 5 4 3 3 1 1 3 2] 26
[5 3 2 1 2 3 1 1 3 1] 22
[4 1 5 3 3 3 2 1 1 3] 26
[1 5 3 2 1 3 2 3 1 1] 22
[5 2 3 1 3 2 1 3 1 1] 22
[4 5 1 3 3 2 1 3 1 3] 26
[3 5 4 1 2 3 3 3 1 1] 26
[1 4 3 5 1 1 3 3 3 2] 26
[2 1 3 5 1 2 3 3 1 1] 22
[1 2 3 5 1 3 1 2 1 3] 22
[2 3 1 5 3 3 1 1 2 1] 22
[2 3 1 5 1 1 1 3 2 3] 22
[3 4 1 5 3 2 1 3 3 1] 26
[5 1 3 2 1 3 2 1 3 1] 22
[1 3 5 2 3 1 1 3 2 1] 22
[3 5 2 1 1 1 3 1 2 3] 22
[5 2 1 3 3 1 2 1 3 1] 22
[1 3 5 2 3 2 1 1 1 3] 22
[5 4 1 3 1 2 1 3 3 3] 26
[3 1 4 5 3 1 1 2 3 3] 26
[3 1 5 4 3 3 3 2 1 1] 26
[1 3 5 2 3 1 1 3 1 2] 22
[1 3 4 5 1 3 2 3 3 1] 26
[5 4 3 1 3 2 1 3 1 3] 26
[3 1 5 2 1 2 3 1 3 1] 22
[5 3 2 1 3 1 2 1 1 3] 22
[3 1 2 5 2 3 1 1 3 1] 22
[5 1 2 3 1 2 3 1 1 3] 22
[5 1 4 3 2 3 1 1 3 3] 26
[1 2 3 5 1 1 1 3 3 2] 22
[1 3 5 4 1 3 2 1 3 3] 26
[5 2 1 3 3 3 1 1 2 1] 22
[2 5 1 3 2 3 1 3 1 1] 22
[3 5 4 1 1 3 1 3 3 2] 26
[4 1 5 3 1 3 2 3 1 3] 26
[1 4 3 5 1 3 2 1 3 3] 26
[4 1 5 3 3 1 1 3 2 3] 26
[2 5 3 1 3 1 1 1 2 3] 22
[1 5 4 3 2 1 1 3 3 3] 26
[1 3 2 5 3 2 1 1 1 3] 22
[3 5 4 1 2 3 1 1 3 3] 26
[1 3 2 5 1 3 3 2 1 1] 22
[1 5 3 2 1 2 1 3 3 1] 22
[3 5 2 1 1 3 1 2 1 3] 22
[5 3 1 4 1 3 2 1 3 3] 26
[1 2 3 5 1 1 2 1 3 3] 22
[5 1 2 3 2 1 3 1 1 3] 22
[1 3 5 2 1 3 1 3 1 2] 22
[2 1 5 3 3 1 1 1 3 2] 22
[3 5 2 1 3 1 1 1 2 3] 22
[2 5 3 1 1 3 2 1 1 3] 22
[2 5 1 3 2 1 1 3 1 3] 22
[3 5 1 2 1 3 3 1 2 1] 22
[1 5 2 3 3 1 2 3 1 1] 22
[5 2 1 3 2 1 1 1 3 3] 22
[3 5 4 1 3 3 1 1 2 3] 26
[4 3 1 5 1 3 2 3 3 1] 26
[1 3 5 2 3 1 2 1 1 3] 22
[4 5 1 3 2 3 1 3 3 1] 26
[1 4 3 5 1 1 2 3 3 3] 26
[4 3 5 1 3 1 3 3 1 2] 26
[3 4 1 5 1 3 2 1 3 3] 26
[5 1 3 2 3 1 1 3 2 1] 22
[5 1 2 3 1 3 1 2 1 3] 22
[5 3 1 2 3 1 2 3 1 1] 22
[3 1 4 5 1 3 1 2 3 3] 26
[4 3 5 1 2 3 3 1 1 3] 26
[5 1 4 3 1 3 1 2 3 3] 26
[5 3 1 4 3 3 1 1 3 2] 26
[4 1 3 5 1 3 1 2 3 3] 26
[5 1 3 4 3 3 2 1 1 3] 26
[1 2 3 5 1 2 3 1 3 1] 22
[5 3 1 4 2 3 3 1 3 1] 26
[3 1 5 2 1 1 1 3 3 2] 22
[3 1 4 5 1 1 3 3 2 3] 26
[5 1 3 2 3 3 1 1 2 1] 22
[5 1 3 4 3 2 3 1 1 3] 26
[4 3 5 1 3 3 2 3 1 1] 26
[2 1 5 3 1 3 1 1 2 3] 22
[5 1 3 4 3 1 1 2 3 3] 26
[1 2 5 3 3 2 3 1 1 1] 22
[3 1 2 5 1 3 3 2 1 1] 22
[5 3 1 4 3 3 3 1 2 1] 26
[1 3 5 4 1 2 3 3 1 3] 26
[3 5 2 1 1 2 1 3 3 1] 22
[1 5 2 3 1 3 3 2 1 1] 22
[1 2 5 3 1 2 3 1 1 3] 22
[2 5 1 3 3 1 1 1 2 3] 22
[3 5 2 1 1 3 2 3 1 1] 22
[4 1 3 5 1 2 3 3 3 1] 26
[5 3 1 4 1 3 1 3 3 2] 26
[4 3 5 1 3 1 2 3 1 3] 26
[5 1 3 2 3 1 1 1 2 3] 22
[3 5 2 1 1 3 2 1 3 1] 22
[5 2 3 1 3 1 2 1 1 3] 22
[1 5 3 4 1 3 2 3 1 3] 26
[5 4 3 1 3 3 3 1 1 2] 26
[2 1 5 3 1 3 2 1 3 1] 22
[1 4 3 5 3 1 3 3 1 2] 26
[4 5 1 3 3 1 1 3 3 2] 26
[3 1 4 5 3 3 1 1 2 3] 26
[4 5 1 3 3 1 1 3 2 3] 26
[4 5 3 1 3 1 3 1 2 3] 26
[1 3 4 5 1 3 3 3 1 2] 26
[5 3 2 1 2 1 1 1 3 3] 22
[3 4 1 5 3 3 1 1 3 2] 26
[3 5 2 1 1 1 1 2 3 3] 22
[4 3 5 1 1 3 1 3 3 2] 26
[3 5 1 4 3 3 1 2 1 3] 26
[4 3 5 1 2 3 3 1 3 1] 26
[1 4 3 5 3 1 1 2 3 3] 26
[5 4 1 3 3 3 2 3 1 1] 26
[4 3 5 1 3 1 3 3 2 1] 26
[3 1 2 5 1 3 2 3 1 1] 22
[1 5 3 4 1 3 1 3 2 3] 26
[4 1 5 3 1 2 1 3 3 3] 26
[2 3 5 1 1 1 1 3 3 2] 22
[3 5 1 4 2 1 3 3 3 1] 26
[3 5 4 1 2 1 3 3 3 1] 26
[1 5 2 3 1 3 1 2 1 3] 22
[5 4 1 3 1 2 3 1 3 3] 26
[3 5 2 1 1 1 1 3 3 2] 22
[5 1 3 4 2 3 3 1 1 3] 26
[2 5 3 1 1 1 2 1 3 3] 22
[3 1 5 2 1 3 1 3 1 2] 22
[1 5 3 4 1 2 3 3 3 1] 26
[2 5 1 3 1 1 1 3 3 2] 22
[1 4 3 5 3 3 1 3 1 2] 26
[4 3 1 5 2 1 3 3 3 1] 26
[3 1 5 2 3 3 1 1 2 1] 22
[4 1 3 5 3 1 2 1 3 3] 26
[5 1 3 4 3 1 3 2 3 1] 26
[3 4 5 1 2 3 1 1 3 3] 26
[2 1 5 3 3 1 2 3 1 1] 22
[1 4 5 3 1 2 3 3 3 1] 26
[3 1 5 2 2 3 1 3 1 1] 22
[1 2 5 3 1 1 2 1 3 3] 22
[5 1 4 3 1 3 3 3 1 2] 26
[5 4 3 1 3 1 3 2 3 1] 26
[5 3 1 4 3 3 1 3 1 2] 26
[4 1 5 3 2 3 3 3 1 1] 26
[3 5 1 4 3 1 1 2 3 3] 26
[1 5 3 2 2 3 3 1 1 1] 22
[2 1 3 5 3 3 2 1 1 1] 22
[1 5 3 2 3 3 1 1 2 1] 22
[1 5 2 3 1 3 3 1 2 1] 22
[4 3 1 5 3 3 3 1 2 1] 26
[3 5 4 1 3 3 1 3 1 2] 26
[1 3 4 5 3 3 1 1 2 3] 26
[4 1 3 5 3 2 1 1 3 3] 26
[3 1 2 5 3 1 1 1 2 3] 22
[5 2 1 3 1 1 1 2 3 3] 22
[3 1 5 4 3 2 3 1 1 3] 26
[1 4 5 3 1 3 1 3 2 3] 26
[3 5 1 4 3 3 1 2 3 1] 26
[3 5 1 4 1 3 1 3 3 2] 26
[3 4 5 1 2 1 3 3 3 1] 26
[5 1 4 3 2 1 3 3 3 1] 26
[5 3 4 1 1 3 3 1 2 3] 26
[3 5 2 1 2 1 1 3 1 3] 22
[1 5 4 3 1 1 3 3 3 2] 26
[4 5 1 3 3 3 2 1 1 3] 26
[2 1 3 5 1 3 3 2 1 1] 22
[5 2 3 1 2 3 1 3 1 1] 22
[3 4 1 5 3 3 1 3 1 2] 26
[3 1 4 5 3 1 1 3 3 2] 26
[1 3 5 2 3 1 1 2 1 3] 22
[1 4 5 3 3 3 1 1 3 2] 26
[1 5 4 3 1 3 2 1 3 3] 26
[2 1 5 3 1 3 1 2 3 1] 22
[1 3 5 4 1 3 1 2 3 3] 26
[2 1 3 5 1 2 1 3 3 1] 22
[1 2 3 5 2 3 1 3 1 1] 22
[5 4 3 1 3 1 1 2 3 3] 26
[5 1 3 4 1 3 1 2 3 3] 26
[4 5 3 1 1 3 3 2 3 1] 26
[4 3 5 1 2 3 1 3 1 3] 26
[5 3 1 4 2 3 3 1 1 3] 26
[4 5 3 1 1 3 1 2 3 3] 26
[3 2 1 5 2 1 1 3 1 3] 22
[4 3 1 5 1 3 1 3 2 3] 26
[1 2 3 5 1 1 3 1 3 2] 22
[1 5 4 3 1 1 2 3 3 3] 26
[3 4 1 5 3 1 2 1 3 3] 26
[3 5 4 1 3 1 3 3 1 2] 26
[2 3 5 1 3 1 1 2 1 3] 22
[1 5 2 3 2 1 1 1 3 3] 22
[4 3 5 1 3 3 1 1 3 2] 26
[2 1 3 5 1 1 3 1 2 3] 22
[1 5 2 3 1 1 3 3 2 1] 22
[1 5 4 3 1 1 3 3 2 3] 26
[3 4 1 5 2 1 1 3 3 3] 26
[5 3 1 2 1 2 1 1 3 3] 22
[3 1 2 5 3 1 2 1 3 1] 22
[4 1 5 3 3 3 3 1 1 2] 26
[2 5 3 1 3 1 1 2 1 3] 22
[3 5 2 1 3 1 1 3 1 2] 22
[3 5 1 2 3 3 2 1 1 1] 22
[3 5 4 1 3 3 3 2 1 1] 26
[4 3 5 1 1 3 2 3 3 1] 26
[5 1 2 3 2 1 1 3 1 3] 22
[3 4 5 1 1 3 3 1 3 2] 26
[5 1 4 3 1 1 3 3 2 3] 26
[2 1 5 3 3 1 1 2 1 3] 22
[5 1 3 4 1 2 1 3 3 3] 26
[2 5 3 1 1 1 3 1 2 3] 22
[3 1 5 4 3 1 2 1 3 3] 26
[1 3 4 5 2 3 1 3 3 1] 26
[1 3 5 4 3 3 3 1 2 1] 26
[2 5 3 1 1 3 2 1 3 1] 22
[4 5 3 1 3 1 1 3 3 2] 26
[5 1 3 2 1 2 1 3 3 1] 22
[3 4 5 1 1 1 3 3 2 3] 26
[3 2 1 5 3 1 1 2 1 3] 22
[5 3 2 1 3 2 1 1 3 1] 22
[5 1 4 3 3 2 1 1 3 3] 26
[5 4 1 3 2 3 3 3 1 1] 26
[1 3 4 5 3 3 1 3 2 1] 26
[3 1 5 2 1 1 3 1 2 3] 22
[3 5 4 1 2 3 3 1 3 1] 26
[1 3 5 4 3 3 1 1 2 3] 26
[5 1 3 4 2 3 1 1 3 3] 26
[1 4 3 5 2 1 3 3 3 1] 26
[1 5 3 4 3 3 1 2 1 3] 26
[1 5 3 4 1 1 2 3 3 3] 26
[5 3 1 2 1 3 1 1 2 3] 22
[5 1 4 3 3 3 1 1 2 3] 26
[5 1 4 3 3 1 2 3 1 3] 26
[3 5 1 4 1 3 2 3 3 1] 26
[1 2 3 5 3 3 2 1 1 1] 22
[1 5 3 4 3 3 3 1 1 2] 26
[3 5 1 4 3 1 2 1 3 3] 26
[3 5 1 2 2 1 3 1 1 3] 22
[5 3 2 1 3 1 1 3 1 2] 22
[3 1 5 2 1 3 1 1 3 2] 22
[2 3 5 1 1 1 2 3 3 1] 22
[4 5 1 3 1 3 3 1 2 3] 26
[3 5 1 4 1 3 1 2 3 3] 26
[5 3 4 1 1 3 2 3 3 1] 26
[3 5 4 1 3 3 3 1 1 2] 26
[3 1 4 5 2 3 1 3 3 1] 26
[3 1 5 2 1 1 3 1 3 2] 22
[4 5 3 1 2 1 1 3 3 3] 26
[1 4 3 5 1 3 1 2 3 3] 26
[5 3 2 1 1 1 1 3 2 3] 22
[5 3 2 1 2 1 1 3 3 1] 22
[5 1 3 4 3 3 2 1 3 1] 26
[1 5 3 4 3 1 3 1 3 2] 26
[4 5 3 1 3 2 1 3 3 1] 26
[3 5 2 1 1 3 1 2 3 1] 22
[3 1 2 5 2 1 3 1 3 1] 22
[3 1 5 4 3 1 3 1 3 2] 26
[5 4 1 3 2 1 3 1 3 3] 26
[3 2 5 1 3 1 2 1 1 3] 22
[2 5 1 3 1 3 3 2 1 1] 22
[1 2 5 3 3 2 1 1 3 1] 22
[2 3 5 1 3 1 1 3 2 1] 22
[1 3 5 4 3 1 3 3 2 1] 26
[1 5 4 3 3 2 3 1 1 3] 26
[1 3 2 5 3 3 1 1 2 1] 22
[2 3 1 5 1 2 1 1 3 3] 22
[5 4 3 1 1 1 3 3 3 2] 26
[1 3 5 2 1 3 1 1 3 2] 22
[4 3 5 1 3 3 2 1 3 1] 26
[3 5 1 4 1 1 3 3 3 2] 26
[1 5 2 3 3 2 1 1 3 1] 22
[4 3 1 5 2 3 1 3 3 1] 26
[5 3 4 1 2 3 3 1 1 3] 26
[5 4 3 1 2 3 1 1 3 3] 26
[1 4 5 3 3 1 1 3 2 3] 26
[2 5 1 3 1 3 3 1 1 2] 22
[4 3 5 1 3 1 1 3 2 3] 26
[4 1 5 3 3 1 2 1 3 3] 26
[2 1 5 3 1 1 1 3 3 2] 22
[5 3 2 1 3 3 2 1 1 1] 22
[5 3 2 1 1 2 3 1 3 1] 22
[3 1 5 2 3 1 3 1 1 2] 22
[4 3 5 1 2 1 3 3 3 1] 26
[4 5 3 1 1 3 3 3 1 2] 26
[2 3 5 1 1 2 3 3 1 1] 22
[5 2 1 3 3 1 1 3 2 1] 22
[4 1 3 5 1 3 1 3 2 3] 26
[5 1 3 2 1 2 1 3 1 3] 22
[5 1 3 4 1 1 3 3 2 3] 26
[3 4 1 5 3 2 1 1 3 3] 26
[1 5 3 4 3 1 3 3 1 2] 26
[3 1 2 5 2 3 1 1 1 3] 22
[4 5 3 1 1 1 2 3 3 3] 26
[1 5 2 3 3 2 3 1 1 1] 22
[4 1 3 5 1 3 3 3 2 1] 26
[5 4 3 1 1 1 3 3 2 3] 26
[1 3 4 5 1 3 1 3 3 2] 26
[5 3 4 1 1 2 3 1 3 3] 26
[5 2 3 1 2 3 1 1 1 3] 22
[4 5 3 1 1 1 3 2 3 3] 26
[2 5 1 3 3 2 1 3 1 1] 22
[2 5 3 1 1 3 1 1 3 2] 22
[1 5 4 3 3 1 2 1 3 3] 26
[3 5 1 4 3 3 3 1 2 1] 26
[1 5 3 2 1 3 1 3 1 2] 22
[2 1 3 5 1 3 1 2 1 3] 22
[3 1 5 4 3 1 3 3 1 2] 26
[5 2 1 3 2 1 3 1 3 1] 22
[4 5 3 1 3 1 2 1 3 3] 26
[5 3 2 1 1 3 2 3 1 1] 22
[5 1 3 4 1 1 3 2 3 3] 26
[5 3 1 4 3 1 1 3 3 2] 26
[3 4 1 5 2 3 3 3 1 1] 26
[4 5 1 3 1 2 3 3 3 1] 26
[1 5 3 2 3 2 1 3 1 1] 22
[4 5 1 3 3 1 3 1 3 2] 26
[5 1 3 2 1 3 1 3 1 2] 22
[2 5 3 1 1 2 1 1 3 3] 22
[4 1 5 3 1 3 3 3 2 1] 26
[3 5 4 1 3 1 2 3 3 1] 26
[2 5 1 3 1 2 3 1 1 3] 22
[5 1 3 4 1 1 3 3 3 2] 26
[1 2 3 5 1 2 1 3 3 1] 22
[2 5 3 1 3 2 3 1 1 1] 22
[5 1 3 4 3 3 3 1 2 1] 26
[5 3 1 4 2 3 1 3 1 3] 26
[2 3 5 1 1 3 2 1 3 1] 22
[3 2 5 1 3 1 2 3 1 1] 22
[1 4 5 3 1 3 3 1 2 3] 26
[4 3 5 1 3 1 3 2 1 3] 26
[5 1 3 2 3 2 1 1 3 1] 22
[5 4 1 3 3 3 1 1 3 2] 26
[3 2 1 5 3 2 1 1 1 3] 22
[5 3 1 4 1 3 3 1 3 2] 26
[2 1 3 5 1 2 1 1 3 3] 22
[5 4 3 1 2 3 3 1 1 3] 26
[1 4 5 3 1 1 3 2 3 3] 26
[3 1 5 2 3 2 1 3 1 1] 22
[3 5 2 1 2 3 3 1 1 1] 22
[3 1 2 5 1 1 1 2 3 3] 22
[2 1 3 5 1 3 1 1 3 2] 22
[5 3 1 4 3 1 3 1 2 3] 26
[1 5 3 2 1 2 3 1 1 3] 22
[5 3 1 2 1 1 3 1 2 3] 22
[5 2 1 3 3 3 1 2 1 1] 22
[3 5 1 4 2 3 3 1 1 3] 26
[5 1 2 3 1 1 3 3 2 1] 22
[3 1 2 5 2 1 3 3 1 1] 22
[5 3 2 1 3 3 1 2 1 1] 22
[1 4 5 3 3 3 3 2 1 1] 26
[1 5 3 2 1 1 2 3 1 3] 22
[2 3 1 5 1 3 2 1 1 3] 22
[1 2 3 5 2 3 3 1 1 1] 22
[3 1 5 4 1 1 3 3 2 3] 26
[1 5 3 4 3 2 3 1 3 1] 26
[5 1 2 3 1 1 2 1 3 3] 22
[3 5 2 1 2 1 3 3 1 1] 22
[4 3 1 5 1 3 3 1 3 2] 26
[5 1 2 3 1 2 3 3 1 1] 22
[1 3 5 4 2 3 1 3 1 3] 26
[5 1 2 3 2 1 1 1 3 3] 22
[1 5 3 2 2 1 3 1 1 3] 22
[4 3 1 5 3 1 3 3 1 2] 26
[3 1 5 4 1 1 2 3 3 3] 26
[1 3 2 5 3 2 1 1 3 1] 22
[1 5 4 3 3 2 3 1 3 1] 26
[2 3 1 5 1 3 1 1 3 2] 22
[3 5 2 1 3 1 2 3 1 1] 22
[3 2 5 1 2 1 3 3 1 1] 22
[3 5 2 1 3 3 1 1 2 1] 22
[5 3 1 2 3 2 3 1 1 1] 22
[1 3 5 4 2 3 3 3 1 1] 26
[1 3 2 5 1 1 1 3 3 2] 22
[5 3 1 2 2 1 3 1 3 1] 22
[4 5 3 1 3 2 1 1 3 3] 26
[5 2 1 3 2 3 1 1 3 1] 22
[5 2 3 1 1 3 1 2 3 1] 22
[5 1 3 2 3 1 3 1 1 2] 22
[5 1 3 4 1 2 3 3 1 3] 26
[1 5 3 2 1 1 1 3 3 2] 22
[1 3 2 5 2 1 1 3 1 3] 22
[5 1 3 2 1 3 2 1 1 3] 22
[1 3 5 4 3 1 3 2 1 3] 26
[5 2 1 3 1 3 2 1 1 3] 22
[5 3 1 4 1 1 2 3 3 3] 26
[5 2 3 1 1 3 2 1 1 3] 22
[3 2 1 5 3 1 1 3 2 1] 22
[1 4 5 3 3 1 2 3 1 3] 26
[1 5 4 3 2 1 3 1 3 3] 26
[2 5 1 3 2 1 3 1 1 3] 22
[2 3 5 1 1 3 1 1 3 2] 22
[2 5 3 1 3 2 1 3 1 1] 22
[3 1 5 2 1 1 2 3 1 3] 22
[1 3 2 5 2 3 1 3 1 1] 22
[3 1 5 2 3 1 2 1 1 3] 22
[4 1 5 3 1 1 3 2 3 3] 26
[2 3 5 1 2 1 1 1 3 3] 22
[3 4 5 1 1 3 1 3 2 3] 26
[4 1 3 5 3 1 2 3 1 3] 26
[2 1 5 3 1 2 3 1 1 3] 22
[4 3 5 1 3 2 3 1 3 1] 26
[5 2 3 1 3 3 1 1 1 2] 22
[4 5 3 1 3 1 3 3 2 1] 26
[3 2 5 1 1 3 1 1 2 3] 22
[4 1 3 5 3 3 1 1 2 3] 26
[2 5 1 3 3 3 2 1 1 1] 22
[3 1 4 5 3 2 3 1 3 1] 26
[2 1 3 5 1 1 1 2 3 3] 22
[5 4 3 1 3 1 2 3 3 1] 26
[1 5 4 3 3 3 3 1 1 2] 26
[3 1 5 4 3 3 1 3 1 2] 26
[1 5 3 4 1 1 3 3 3 2] 26
[3 1 5 2 2 1 1 1 3 3] 22
[3 1 4 5 3 2 1 1 3 3] 26
[3 2 1 5 3 2 1 3 1 1] 22
[1 3 4 5 3 2 3 1 1 3] 26
[3 5 1 4 1 3 1 3 2 3] 26
[3 1 5 2 3 1 3 2 1 1] 22
[1 5 3 4 3 3 3 1 2 1] 26
[1 3 4 5 3 1 1 3 2 3] 26
[3 1 5 2 3 1 1 3 2 1] 22
[2 3 1 5 3 1 1 1 2 3] 22
[5 3 2 1 3 1 3 1 2 1] 22
[2 3 1 5 1 2 3 1 1 3] 22
[1 4 5 3 1 1 3 3 2 3] 26
[1 2 3 5 3 2 1 1 1 3] 22
[5 3 4 1 2 3 1 1 3 3] 26
[5 1 4 3 3 1 2 1 3 3] 26
[1 3 4 5 2 1 3 3 3 1] 26
[3 2 5 1 1 2 3 1 3 1] 22
[4 1 3 5 3 1 1 3 3 2] 26
[5 3 4 1 1 1 3 3 2 3] 26
[3 5 4 1 3 1 1 2 3 3] 26
[1 3 5 4 3 3 1 3 2 1] 26
[3 5 1 4 1 1 3 2 3 3] 26
[3 5 4 1 3 1 2 1 3 3] 26
[3 4 1 5 3 2 1 3 1 3] 26
[1 5 2 3 2 1 3 1 1 3] 22
[4 3 1 5 3 3 1 1 2 3] 26
[5 2 3 1 1 3 3 1 2 1] 22
[1 5 4 3 1 3 3 1 3 2] 26
[4 1 5 3 2 1 3 1 3 3] 26
[1 5 4 3 3 3 2 1 1 3] 26
[4 1 5 3 3 3 2 1 3 1] 26
[3 5 1 2 1 3 3 2 1 1] 22
[2 3 5 1 3 2 1 3 1 1] 22
[4 1 5 3 3 2 1 1 3 3] 26
[5 2 3 1 3 1 3 1 1 2] 22
[3 5 1 2 1 3 1 1 2 3] 22
[1 2 5 3 3 1 2 1 3 1] 22
[1 3 5 4 2 3 3 1 3 1] 26
[1 5 4 3 3 1 1 2 3 3] 26
[5 4 1 3 3 2 1 3 3 1] 26
[5 2 3 1 1 3 3 2 1 1] 22
[1 3 5 4 1 1 3 3 2 3] 26
[4 1 5 3 3 3 1 3 1 2] 26
[5 1 4 3 3 3 1 2 3 1] 26
[1 3 5 2 1 3 1 1 2 3] 22
[1 2 5 3 3 1 2 3 1 1] 22
[1 5 2 3 3 1 2 1 1 3] 22
[1 3 5 4 1 3 1 3 2 3] 26
[3 5 1 2 1 1 3 3 2 1] 22
[3 1 5 2 3 3 1 1 1 2] 22
[1 3 5 2 2 1 3 1 3 1] 22
[1 5 3 4 1 2 3 1 3 3] 26
[3 1 4 5 2 3 3 3 1 1] 26
[3 5 4 1 1 3 3 2 3 1] 26
[5 2 3 1 1 1 2 1 3 3] 22
[3 4 1 5 3 3 3 1 2 1] 26
[5 3 1 4 3 2 1 1 3 3] 26
[1 2 5 3 2 1 1 3 3 1] 22
[1 3 4 5 3 3 2 3 1 1] 26
[5 2 3 1 1 1 3 2 3 1] 22
[1 5 3 4 2 3 3 1 3 1] 26
[4 3 1 5 1 1 3 3 2 3] 26
[2 3 1 5 2 1 1 3 3 1] 22
[1 3 5 4 3 3 2 1 1 3] 26
[3 2 5 1 3 1 1 1 2 3] 22
[5 2 1 3 3 1 1 2 3 1] 22
[2 1 5 3 2 3 1 1 3 1] 22
[4 5 1 3 3 1 3 2 3 1] 26
[3 1 5 4 2 3 1 3 1 3] 26
[1 5 4 3 2 3 1 3 1 3] 26
[1 3 4 5 3 1 2 3 1 3] 26
[3 5 2 1 2 1 1 1 3 3] 22
[1 5 3 2 3 3 2 1 1 1] 22
[1 4 3 5 3 3 3 2 1 1] 26
[1 4 3 5 2 3 3 1 1 3] 26
[1 3 4 5 3 1 3 3 2 1] 26
[2 5 3 1 1 3 1 2 1 3] 22
[3 5 4 1 1 3 2 1 3 3] 26
[5 2 3 1 1 1 2 3 1 3] 22
[4 1 5 3 1 3 2 3 3 1] 26
[1 4 5 3 3 2 3 1 1 3] 26
[5 3 1 2 3 1 3 2 1 1] 22
[2 3 1 5 1 1 3 3 1 2] 22
[5 3 1 2 1 3 2 1 3 1] 22
[1 5 3 2 3 3 1 2 1 1] 22
[4 3 5 1 1 3 3 3 2 1] 26
[1 2 3 5 1 1 1 2 3 3] 22
[5 4 1 3 1 1 3 2 3 3] 26
[3 1 4 5 1 3 2 3 1 3] 26
[5 3 1 4 3 2 3 1 3 1] 26
[3 5 1 2 3 2 1 1 1 3] 22
[3 2 1 5 2 1 1 1 3 3] 22
[4 1 3 5 1 1 3 3 3 2] 26
[3 1 5 2 1 1 2 1 3 3] 22
[3 2 1 5 2 3 1 1 3 1] 22
[3 5 1 4 1 3 3 2 3 1] 26
[5 1 3 2 1 3 1 1 2 3] 22
[2 5 1 3 1 1 3 2 1 3] 22
[1 2 5 3 1 1 3 1 3 2] 22
[1 5 2 3 3 3 1 2 1 1] 22
[3 5 1 2 1 3 1 3 2 1] 22
[3 1 5 2 2 1 1 3 1 3] 22
[3 4 1 5 1 3 3 3 1 2] 26
[2 3 5 1 1 1 3 3 1 2] 22
[4 3 1 5 3 1 3 2 1 3] 26
[3 1 5 4 2 1 3 3 3 1] 26
[2 5 3 1 1 3 1 3 1 2] 22
[5 3 4 1 1 3 1 3 3 2] 26
[3 5 1 2 1 1 3 2 1 3] 22
[1 3 4 5 1 3 1 2 3 3] 26
[3 5 2 1 1 3 3 1 1 2] 22
[4 5 3 1 3 3 2 1 1 3] 26
[1 3 5 4 3 2 1 1 3 3] 26
[2 1 3 5 1 3 1 3 1 2] 22
[1 5 2 3 1 1 2 3 1 3] 22
[3 2 5 1 1 1 3 1 2 3] 22
[1 5 4 3 1 2 3 3 1 3] 26
[1 5 3 4 1 2 3 3 1 3] 26
[5 4 3 1 1 2 3 1 3 3] 26
[2 3 1 5 3 2 1 1 3 1] 22
[1 4 5 3 1 2 1 3 3 3] 26
[1 3 5 4 2 1 3 1 3 3] 26
[3 5 1 4 2 1 1 3 3 3] 26
[2 1 3 5 2 1 3 1 1 3] 22
[1 5 2 3 3 2 1 3 1 1] 22
[3 5 1 4 3 2 3 1 1 3] 26
[5 1 2 3 1 3 1 2 3 1] 22
[5 2 1 3 2 3 3 1 1 1] 22
[5 1 3 4 3 2 1 3 3 1] 26
[5 1 3 2 1 3 1 2 1 3] 22
[3 4 5 1 1 3 3 1 2 3] 26
[4 3 1 5 1 2 3 3 1 3] 26
[4 3 1 5 3 3 2 1 3 1] 26
[3 1 4 5 3 3 2 1 3 1] 26
[3 2 5 1 3 3 1 2 1 1] 22
[4 1 3 5 3 3 1 2 3 1] 26
[5 2 1 3 1 1 2 3 3 1] 22
[3 1 4 5 3 3 1 3 1 2] 26
[5 1 4 3 2 3 3 1 3 1] 26
[1 4 5 3 2 3 1 3 3 1] 26
[2 5 1 3 1 2 1 1 3 3] 22
[1 4 5 3 2 3 1 3 1 3] 26
[3 1 4 5 3 2 1 3 1 3] 26
[3 2 1 5 3 3 2 1 1 1] 22
[2 3 1 5 2 1 1 3 1 3] 22
[1 3 2 5 2 1 1 3 3 1] 22
[3 2 5 1 1 3 1 2 3 1] 22
[3 2 5 1 1 2 3 1 1 3] 22
[2 5 3 1 3 3 1 1 2 1] 22
[3 1 4 5 2 1 3 1 3 3] 26
[3 5 2 1 1 3 3 1 2 1] 22
[5 1 3 4 3 3 1 1 3 2] 26
[2 3 5 1 2 1 1 3 1 3] 22
[2 3 1 5 1 1 2 3 3 1] 22
[5 1 3 2 1 1 3 3 2 1] 22
[3 1 2 5 3 1 2 1 1 3] 22
[1 4 5 3 3 2 1 3 1 3] 26
[1 2 5 3 2 1 1 3 1 3] 22
[5 3 1 2 1 3 2 3 1 1] 22
[1 3 4 5 3 2 3 3 1 1] 26
[5 1 3 4 2 3 3 3 1 1] 26
[3 1 2 5 2 1 1 1 3 3] 22
[4 5 1 3 3 2 3 1 3 1] 26
[5 4 3 1 3 3 1 3 2 1] 26
[5 1 3 2 3 1 2 1 1 3] 22
[4 1 5 3 2 1 3 3 1 3] 26
[3 2 5 1 2 3 1 1 3 1] 22
[1 5 3 4 1 3 1 3 3 2] 26
[1 5 2 3 3 2 1 1 1 3] 22
[3 2 5 1 3 1 1 3 1 2] 22
[3 1 2 5 1 1 3 1 2 3] 22
[2 1 5 3 1 3 2 1 1 3] 22
[2 3 1 5 1 3 1 3 1 2] 22
[3 2 5 1 2 3 3 1 1 1] 22
[1 5 3 4 2 1 3 3 3 1] 26
[5 1 2 3 1 1 3 2 3 1] 22
[5 1 2 3 1 1 1 3 2 3] 22
[3 2 5 1 2 3 1 1 1 3] 22
[3 4 1 5 2 3 3 1 1 3] 26
[3 2 1 5 1 1 1 2 3 3] 22
[1 3 4 5 2 3 3 3 1 1] 26
[1 5 3 4 1 1 3 2 3 3] 26
[1 2 3 5 2 1 1 3 3 1] 22
[4 1 5 3 3 1 2 3 3 1] 26
[3 1 5 2 1 1 2 3 3 1] 22
[2 5 1 3 1 3 1 1 3 2] 22
[1 3 5 2 3 3 2 1 1 1] 22
[2 5 1 3 3 1 1 1 3 2] 22
[3 1 4 5 3 1 3 2 3 1] 26
[1 3 5 4 2 3 3 1 1 3] 26
[1 4 5 3 1 2 3 3 1 3] 26
[1 4 3 5 3 2 1 3 1 3] 26
[5 3 4 1 1 1 2 3 3 3] 26
[3 2 5 1 2 3 1 3 1 1] 22
[5 3 2 1 1 1 1 3 3 2] 22
[5 2 3 1 1 1 1 3 3 2] 22
[1 5 2 3 3 1 1 1 3 2] 22
[1 3 5 2 2 3 1 1 1 3] 22
[1 3 4 5 3 2 1 3 1 3] 26
[1 5 3 4 2 3 3 1 1 3] 26
[5 1 2 3 1 1 1 2 3 3] 22
[1 5 3 4 3 1 2 3 3 1] 26
[4 3 5 1 2 1 3 3 1 3] 26
[5 4 3 1 3 3 1 2 3 1] 26
[4 1 3 5 3 2 3 3 1 1] 26
[1 3 4 5 3 3 1 1 3 2] 26
[5 1 3 4 1 3 3 1 3 2] 26
[4 1 5 3 3 1 1 3 3 2] 26
[2 3 5 1 2 1 3 3 1 1] 22
[2 3 1 5 1 1 1 3 3 2] 22
[2 3 5 1 3 2 1 1 3 1] 22
[1 2 3 5 2 3 1 1 1 3] 22
[3 5 1 4 2 3 3 1 3 1] 26
[3 5 4 1 1 3 3 2 1 3] 26
[1 5 4 3 1 2 3 3 3 1] 26
[5 2 1 3 1 2 3 1 3 1] 22
[5 1 4 3 3 3 1 3 1 2] 26
[2 3 1 5 2 1 3 3 1 1] 22
[1 2 3 5 2 1 1 3 1 3] 22
[1 2 3 5 1 1 1 3 2 3] 22
[2 3 1 5 1 1 3 2 3 1] 22
[5 3 1 2 1 1 1 3 2 3] 22
[1 5 3 2 2 1 1 3 3 1] 22
[3 1 5 4 1 3 3 2 1 3] 26
[1 2 3 5 3 2 1 1 3 1] 22
[2 5 3 1 1 1 1 3 3 2] 22
[4 1 3 5 3 1 3 1 2 3] 26
[2 3 5 1 2 1 3 1 1 3] 22
[1 4 3 5 1 3 3 3 1 2] 26
[3 2 5 1 1 1 1 3 3 2] 22
[1 5 4 3 2 1 3 3 1 3] 26
[2 3 1 5 1 1 2 3 1 3] 22
[1 5 3 2 2 1 3 3 1 1] 22
[3 4 1 5 1 1 3 3 3 2] 26
[5 1 3 2 1 3 3 1 1 2] 22
[1 5 2 3 1 2 3 1 1 3] 22
[1 5 4 3 1 3 3 2 1 3] 26
[1 4 5 3 3 3 1 3 2 1] 26
[5 3 1 2 2 1 1 1 3 3] 22
[2 3 5 1 1 3 3 2 1 1] 22
[4 5 1 3 3 3 1 1 3 2] 26
[2 3 5 1 1 2 1 1 3 3] 22
[3 1 5 2 3 1 1 2 3 1] 22
[4 1 5 3 3 1 3 3 2 1] 26
[3 2 5 1 1 3 3 2 1 1] 22
[3 1 2 5 3 2 3 1 1 1] 22
[4 1 3 5 3 1 2 3 3 1] 26
[3 2 1 5 1 1 2 1 3 3] 22
[3 1 4 5 3 3 3 2 1 1] 26
[1 3 5 4 3 1 2 1 3 3] 26
[5 2 3 1 1 2 1 3 1 3] 22
[1 2 3 5 1 2 3 3 1 1] 22
[1 5 3 2 1 3 1 3 2 1] 22
[2 5 1 3 1 3 1 3 2 1] 22
[3 4 5 1 1 3 1 2 3 3] 26
[3 2 5 1 3 1 3 2 1 1] 22
[2 1 3 5 2 1 3 3 1 1] 22
[4 3 5 1 1 2 3 3 3 1] 26
[5 3 1 4 2 3 3 3 1 1] 26
[1 3 5 2 1 3 2 3 1 1] 22
[1 3 2 5 1 3 3 1 2 1] 22
[3 1 2 5 1 3 1 1 3 2] 22
[3 1 5 2 1 2 1 1 3 3] 22
[2 5 3 1 3 1 3 2 1 1] 22
[3 5 1 4 3 1 2 3 3 1] 26
[5 1 3 2 1 3 3 2 1 1] 22
[3 4 1 5 1 2 1 3 3 3] 26
[3 5 1 4 1 3 2 3 1 3] 26
[5 1 2 3 3 1 3 2 1 1] 22
[1 3 5 2 1 1 2 3 1 3] 22
[3 2 1 5 1 1 3 3 2 1] 22
[5 1 2 3 1 3 3 2 1 1] 22
[3 2 1 5 1 1 2 3 1 3] 22
[1 3 2 5 1 1 2 3 1 3] 22
[3 5 1 2 3 2 1 3 1 1] 22
[3 5 4 1 1 3 1 2 3 3] 26
[5 3 1 2 3 2 1 1 3 1] 22
[4 3 5 1 3 2 3 1 1 3] 26
[5 4 1 3 3 1 3 3 1 2] 26
[1 5 3 2 3 1 1 2 1 3] 22
[5 3 2 1 1 1 1 2 3 3] 22
[5 3 2 1 2 1 3 1 3 1] 22
[2 1 3 5 3 3 1 1 1 2] 22
[3 4 5 1 2 1 3 1 3 3] 26
[3 4 1 5 3 1 2 3 1 3] 26
[5 3 1 4 1 3 1 3 2 3] 26
[5 2 3 1 2 1 1 3 3 1] 22
[1 4 5 3 3 2 3 1 3 1] 26
[5 1 3 2 3 1 2 3 1 1] 22
[2 1 5 3 2 1 3 1 3 1] 22
[2 3 1 5 3 1 2 1 3 1] 22
[3 2 1 5 1 3 3 1 1 2] 22
[1 5 3 4 1 3 3 3 1 2] 26
[4 3 5 1 3 2 1 1 3 3] 26
[2 3 5 1 3 3 1 2 1 1] 22
[5 4 1 3 2 3 1 3 1 3] 26
[3 5 1 4 1 1 3 3 2 3] 26
[3 1 4 5 3 3 1 2 3 1] 26
[5 3 1 4 3 1 3 3 2 1] 26
[5 1 4 3 1 3 2 3 3 1] 26
[4 1 5 3 3 1 2 3 1 3] 26
[3 5 4 1 2 3 1 3 1 3] 26
[3 5 4 1 3 2 3 3 1 1] 26
[5 4 3 1 3 1 2 3 1 3] 26
[5 3 2 1 1 2 3 1 1 3] 22
[5 3 2 1 2 1 3 3 1 1] 22
[3 5 2 1 2 1 3 1 1 3] 22
[5 3 1 2 1 1 3 3 1 2] 22
[5 3 2 1 3 1 2 1 3 1] 22
[1 3 5 2 1 1 3 3 1 2] 22
[1 3 4 5 3 3 2 1 1 3] 26
[1 2 5 3 1 3 2 1 3 1] 22
[1 3 5 2 1 2 3 3 1 1] 22
[2 3 1 5 2 3 1 1 1 3] 22
[1 2 3 5 2 1 1 1 3 3] 22
[3 2 5 1 3 2 3 1 1 1] 22
[2 5 3 1 2 1 1 1 3 3] 22
[1 3 5 2 1 1 3 2 3 1] 22
[3 5 4 1 1 2 1 3 3 3] 26
[3 5 2 1 3 1 2 1 3 1] 22
[5 1 4 3 3 3 3 1 2 1] 26
[5 1 3 4 2 1 1 3 3 3] 26
[3 4 1 5 1 1 3 3 2 3] 26
[2 1 3 5 3 1 3 1 2 1] 22
[3 1 2 5 1 3 1 2 1 3] 22
[3 2 1 5 1 3 1 3 1 2] 22
[5 1 4 3 3 2 3 3 1 1] 26
[1 3 5 2 1 1 3 1 3 2] 22
[3 4 5 1 1 3 3 3 2 1] 26
[5 1 3 2 3 1 1 1 3 2] 22
[1 3 5 2 3 3 1 2 1 1] 22
[3 1 4 5 1 1 3 2 3 3] 26
[3 4 5 1 3 3 1 1 3 2] 26
[5 1 2 3 1 1 2 3 1 3] 22
[3 1 5 4 3 3 1 3 2 1] 26
[3 1 2 5 3 2 1 1 3 1] 22
[5 2 1 3 3 2 1 3 1 1] 22
[5 1 3 4 3 2 3 3 1 1] 26
[5 1 3 2 3 1 3 2 1 1] 22
[5 1 3 2 2 3 3 1 1 1] 22
[5 1 3 2 1 3 3 1 2 1] 22
[3 2 1 5 3 3 1 1 1 2] 22
[1 2 5 3 3 1 1 2 3 1] 22
[3 2 5 1 2 1 3 1 1 3] 22
[5 1 3 4 1 3 3 2 3 1] 26
[5 1 3 2 1 2 3 3 1 1] 22
[3 4 5 1 3 2 1 3 3 1] 26
[5 2 3 1 2 1 3 3 1 1] 22
[3 1 4 5 3 1 3 1 2 3] 26
[2 3 1 5 2 1 3 1 1 3] 22
[3 5 1 2 1 1 3 3 1 2] 22
[5 4 3 1 2 3 1 3 1 3] 26
[3 5 1 4 3 2 1 1 3 3] 26
[2 5 1 3 3 3 1 1 1 2] 22
[3 2 1 5 3 2 3 1 1 1] 22
[5 1 2 3 1 3 2 1 1 3] 22
[5 4 1 3 1 3 3 1 3 2] 26
[3 2 5 1 1 3 2 3 1 1] 22
[4 3 1 5 3 2 1 3 1 3] 26
[5 3 1 2 1 3 1 3 2 1] 22
[1 5 3 2 1 1 3 1 2 3] 22
[4 1 5 3 2 1 1 3 3 3] 26
[2 3 5 1 3 1 1 1 2 3] 22
[1 5 3 2 3 1 1 1 3 2] 22
[5 2 3 1 1 3 1 2 1 3] 22
[3 4 1 5 2 1 3 1 3 3] 26
[1 4 5 3 3 1 3 3 1 2] 26
[5 1 3 4 3 1 3 1 3 2] 26
[4 1 3 5 1 3 2 3 3 1] 26
[5 1 2 3 1 1 2 3 3 1] 22
[1 5 4 3 3 1 3 1 2 3] 26
[5 4 3 1 1 3 3 3 2 1] 26
[4 1 3 5 2 1 1 3 3 3] 26
[1 5 3 2 1 1 1 3 2 3] 22
[5 1 4 3 1 3 3 2 1 3] 26
[1 3 2 5 3 1 1 1 3 2] 22
[4 5 1 3 2 3 3 3 1 1] 26
[5 4 1 3 3 2 3 1 3 1] 26
[5 2 3 1 1 1 3 1 2 3] 22
[3 1 5 4 1 2 3 3 1 3] 26
[2 3 5 1 3 1 1 2 3 1] 22
[2 3 5 1 3 1 1 3 1 2] 22
[1 5 2 3 1 1 3 1 3 2] 22
[2 3 5 1 3 1 2 1 1 3] 22
[4 1 3 5 3 2 3 1 3 1] 26
[3 1 5 4 3 1 3 2 1 3] 26
[1 3 2 5 3 1 1 2 1 3] 22
[2 1 5 3 2 1 3 1 1 3] 22
[3 1 5 2 3 2 1 1 3 1] 22
[3 2 1 5 1 3 3 2 1 1] 22
[1 3 4 5 1 1 2 3 3 3] 26
[1 3 5 2 1 1 2 3 3 1] 22
[3 1 4 5 3 3 1 2 1 3] 26
[4 1 5 3 1 3 3 1 2 3] 26
[2 5 1 3 1 1 2 3 3 1] 22
[3 5 2 1 1 1 3 2 1 3] 22
[5 1 3 2 3 1 1 3 1 2] 22
[3 4 5 1 1 2 3 3 1 3] 26
[5 3 4 1 1 3 3 2 1 3] 26
[2 5 1 3 1 1 1 3 2 3] 22
[4 5 1 3 2 1 3 3 3 1] 26
[5 2 1 3 1 3 1 2 1 3] 22
[1 2 5 3 1 3 3 1 2 1] 22
[1 5 4 3 3 3 1 1 3 2] 26
[5 1 4 3 3 1 3 3 2 1] 26
[1 2 5 3 1 3 1 3 2 1] 22
[1 3 5 4 1 1 3 2 3 3] 26
[3 5 2 1 3 1 3 2 1 1] 22
[5 1 4 3 1 1 3 3 3 2] 26
[5 1 4 3 1 3 3 1 3 2] 26
[4 1 3 5 3 3 2 3 1 1] 26
[3 1 5 4 3 3 2 1 1 3] 26
[1 3 4 5 2 1 3 3 1 3] 26
[1 5 4 3 1 3 3 3 2 1] 26
[1 4 3 5 1 2 3 1 3 3] 26
[5 2 3 1 2 1 3 1 1 3] 22
[5 4 1 3 2 3 1 3 3 1] 26
[1 3 5 4 3 1 1 2 3 3] 26
[1 2 3 5 1 2 1 1 3 3] 22
[1 2 5 3 1 1 2 3 1 3] 22
[5 1 2 3 2 1 1 3 3 1] 22
[5 2 3 1 3 1 1 1 3 2] 22
[1 5 3 4 3 1 3 2 1 3] 26
[3 5 1 2 1 2 1 3 3 1] 22
[3 2 5 1 2 1 3 1 3 1] 22
[1 4 5 3 2 3 3 3 1 1] 26
[4 5 1 3 2 3 1 1 3 3] 26
[5 4 1 3 3 1 3 2 3 1] 26
[1 2 5 3 3 1 1 3 1 2] 22
[1 3 4 5 3 2 1 1 3 3] 26
[1 5 3 2 1 3 2 1 1 3] 22
[2 3 1 5 2 3 3 1 1 1] 22
[3 5 2 1 3 1 1 2 3 1] 22
[1 3 5 4 1 3 1 3 3 2] 26
[4 1 5 3 2 1 3 3 3 1] 26
[1 4 5 3 3 1 1 2 3 3] 26
[1 2 5 3 3 3 2 1 1 1] 22
[1 5 4 3 3 3 3 1 2 1] 26
[4 5 1 3 3 1 1 2 3 3] 26
[1 2 5 3 3 1 3 2 1 1] 22
[5 3 2 1 1 1 3 3 2 1] 22
[1 5 3 2 2 1 1 1 3 3] 22
[5 3 2 1 1 3 1 2 1 3] 22
[2 1 3 5 1 2 3 1 1 3] 22
[2 3 5 1 3 3 1 1 1 2] 22
[4 1 3 5 3 3 2 1 3 1] 26
[5 3 4 1 1 3 2 3 1 3] 26
[3 2 1 5 3 1 3 1 2 1] 22
[5 2 1 3 1 1 3 2 3 1] 22
[2 1 3 5 2 1 1 3 1 3] 22
[1 3 4 5 3 1 1 3 3 2] 26
[2 1 5 3 1 2 1 1 3 3] 22
[5 4 3 1 3 3 1 2 1 3] 26
[3 5 4 1 1 3 3 1 2 3] 26
[4 5 3 1 3 3 3 2 1 1] 26
[1 4 3 5 2 3 1 3 3 1] 26
[1 3 2 5 3 1 1 3 1 2] 22
[3 2 5 1 2 1 1 3 3 1] 22
[3 5 4 1 3 1 3 2 3 1] 26
[2 1 5 3 3 1 3 1 2 1] 22
[5 1 3 4 3 1 3 1 2 3] 26
[1 5 2 3 1 1 3 2 1 3] 22
[2 5 3 1 1 1 2 3 3 1] 22
[1 3 5 4 1 2 3 1 3 3] 26
[1 3 2 5 2 3 3 1 1 1] 22
[5 1 3 4 3 1 2 3 3 1] 26
[1 2 5 3 3 1 1 1 3 2] 22
[4 5 1 3 3 1 3 2 1 3] 26
[5 1 3 2 1 3 1 3 2 1] 22
[5 1 3 4 1 1 2 3 3 3] 26
[5 2 3 1 1 2 1 1 3 3] 22
[5 3 1 4 3 1 2 1 3 3] 26
[5 3 4 1 2 1 3 3 3 1] 26
[1 5 3 2 1 1 3 2 3 1] 22
[5 3 2 1 3 1 1 1 3 2] 22
[5 3 2 1 1 1 3 3 1 2] 22
[4 3 5 1 3 3 1 2 1 3] 26
[3 4 1 5 3 3 3 2 1 1] 26
[1 4 3 5 2 3 3 1 3 1] 26
[1 2 3 5 1 3 2 1 3 1] 22
[1 4 5 3 3 3 2 1 3 1] 26
[3 1 4 5 3 1 2 1 3 3] 26
[1 2 3 5 2 1 3 1 1 3] 22
[2 3 5 1 3 2 1 1 1 3] 22
[5 4 3 1 1 3 3 2 1 3] 26
[5 3 4 1 2 1 3 1 3 3] 26
[1 5 2 3 2 3 3 1 1 1] 22
[1 5 2 3 1 3 1 3 1 2] 22
[5 3 1 4 1 3 2 3 3 1] 26
[5 3 1 2 2 1 1 3 3 1] 22
[5 1 2 3 3 1 1 2 1 3] 22
[1 5 2 3 1 1 1 2 3 3] 22
[2 3 5 1 1 1 3 2 1 3] 22
[5 4 3 1 1 2 3 3 1 3] 26
[5 1 4 3 2 3 3 1 1 3] 26
[5 1 2 3 3 1 2 1 1 3] 22
[5 1 2 3 2 1 3 1 3 1] 22
[4 1 5 3 1 1 2 3 3 3] 26
[1 5 2 3 3 1 1 1 2 3] 22
[3 5 1 2 1 3 2 3 1 1] 22
[3 1 5 4 1 2 3 1 3 3] 26
[4 1 5 3 2 3 1 1 3 3] 26
[4 3 5 1 3 3 2 1 1 3] 26
[4 1 5 3 3 3 1 1 3 2] 26
[5 1 2 3 3 1 3 1 2 1] 22
[5 3 1 2 1 3 2 1 1 3] 22
[5 1 3 4 1 2 3 3 3 1] 26
[5 3 4 1 1 3 1 3 2 3] 26
[5 1 2 3 1 3 2 3 1 1] 22
[4 5 3 1 2 1 3 3 3 1] 26
[5 1 4 3 3 2 1 3 3 1] 26
[5 1 4 3 3 1 1 2 3 3] 26
[3 5 2 1 1 1 1 3 2 3] 22
[1 5 3 2 2 3 1 3 1 1] 22
[5 1 4 3 1 3 1 3 3 2] 26
[2 1 3 5 1 3 2 1 1 3] 22
[5 1 4 3 3 3 2 1 3 1] 26
[1 5 3 2 1 2 1 3 1 3] 22
[3 4 1 5 3 3 3 1 1 2] 26
[1 2 5 3 3 1 1 3 2 1] 22
[3 2 1 5 1 3 2 3 1 1] 22
[5 4 3 1 1 1 2 3 3 3] 26
[5 1 2 3 1 1 1 3 3 2] 22
[1 3 5 4 3 3 1 1 3 2] 26
[3 1 5 2 1 1 1 3 2 3] 22
[1 4 3 5 3 1 1 3 3 2] 26
[3 4 5 1 3 3 1 3 1 2] 26
[5 3 4 1 1 3 3 2 3 1] 26
[3 5 4 1 3 1 2 3 1 3] 26
[1 3 4 5 3 3 1 2 1 3] 26
[3 5 1 2 3 2 1 1 3 1] 22
[5 2 1 3 1 2 3 1 1 3] 22
[5 3 1 2 1 1 3 1 3 2] 22
[3 1 5 2 1 1 3 2 3 1] 22
[4 5 1 3 1 3 3 1 3 2] 26
[4 1 3 5 3 1 1 2 3 3] 26
[1 2 3 5 1 1 3 2 3 1] 22
[1 5 4 3 3 1 3 3 2 1] 26
[3 5 2 1 1 2 3 1 3 1] 22
[2 3 5 1 1 3 1 2 3 1] 22
[1 3 2 5 1 3 1 3 2 1] 22
[1 3 4 5 3 3 1 2 3 1] 26
[3 5 1 4 2 1 3 3 1 3] 26
[4 5 3 1 2 3 1 1 3 3] 26
[4 3 5 1 3 1 2 1 3 3] 26
[5 4 3 1 3 1 2 1 3 3] 26
[2 3 1 5 1 3 2 1 3 1] 22
[2 3 1 5 2 1 3 1 3 1] 22
[3 5 2 1 1 3 3 2 1 1] 22
[3 1 2 5 1 3 1 1 2 3] 22
[5 1 3 2 3 2 1 3 1 1] 22
[5 3 1 4 3 1 3 2 1 3] 26
[1 4 3 5 3 2 3 1 3 1] 26
[2 1 3 5 3 2 1 3 1 1] 22
[2 3 5 1 1 1 2 1 3 3] 22
[3 2 1 5 2 3 3 1 1 1] 22
[3 5 1 2 1 1 2 3 1 3] 22
[1 3 5 2 2 1 1 1 3 3] 22
[3 2 1 5 3 1 1 3 1 2] 22
[4 3 1 5 3 1 3 2 3 1] 26
[3 4 5 1 3 1 1 3 2 3] 26
[3 1 2 5 3 3 1 1 2 1] 22
[3 4 5 1 3 3 1 3 2 1] 26
[4 5 3 1 1 3 2 3 1 3] 26
[5 1 2 3 1 3 3 1 1 2] 22
[2 1 5 3 1 3 2 3 1 1] 22
[1 3 4 5 2 1 1 3 3 3] 26
[3 4 1 5 1 3 1 2 3 3] 26
[2 3 1 5 3 1 1 2 3 1] 22
[5 2 3 1 3 1 1 3 2 1] 22
[4 5 1 3 3 3 1 1 2 3] 26
[4 1 5 3 1 2 3 1 3 3] 26
[5 4 1 3 1 3 2 1 3 3] 26
[1 3 2 5 3 1 3 2 1 1] 22
[1 3 5 2 1 3 2 1 3 1] 22
[4 3 1 5 1 3 3 3 2 1] 26
[1 3 5 2 2 1 3 1 1 3] 22
[5 3 4 1 3 3 1 3 1 2] 26
[2 3 1 5 1 1 3 1 2 3] 22
[2 1 5 3 3 2 1 1 1 3] 22
[1 4 5 3 2 1 3 3 3 1] 26
[5 3 1 4 2 1 3 3 3 1] 26
[3 5 1 4 3 3 2 1 1 3] 26
[3 2 1 5 1 2 1 1 3 3] 22
[1 5 3 4 3 3 1 1 3 2] 26
[1 2 3 5 3 1 2 1 1 3] 22
[2 5 1 3 2 3 1 1 3 1] 22
[1 5 2 3 3 1 3 1 1 2] 22
[1 5 2 3 1 1 3 2 3 1] 22
[1 5 4 3 3 1 3 2 3 1] 26
[2 5 3 1 1 3 3 1 1 2] 22
[5 4 1 3 3 1 1 3 3 2] 26
[1 3 4 5 2 3 3 1 1 3] 26
[3 1 5 2 1 2 3 1 1 3] 22
[4 3 1 5 1 3 3 2 1 3] 26
[5 3 2 1 2 1 1 3 1 3] 22
[5 2 3 1 3 1 3 2 1 1] 22
[5 1 2 3 3 1 1 3 1 2] 22
[5 3 1 4 1 1 3 3 2 3] 26
[1 5 4 3 3 1 2 3 3 1] 26
[5 3 2 1 1 3 1 3 2 1] 22
[5 1 3 2 1 1 1 3 3 2] 22
[1 5 2 3 1 2 1 3 1 3] 22
[5 1 4 3 3 1 2 3 3 1] 26
[3 5 1 4 3 3 2 3 1 1] 26
[5 2 3 1 1 1 1 3 2 3] 22
[1 3 5 2 1 2 1 3 3 1] 22
[3 2 5 1 2 1 1 1 3 3] 22
[1 2 5 3 2 1 3 1 1 3] 22
[2 1 3 5 1 1 3 2 3 1] 22
[5 1 2 3 2 3 3 1 1 1] 22
[2 5 1 3 3 2 1 1 3 1] 22
[2 5 1 3 3 2 1 1 1 3] 22
[1 5 2 3 1 3 1 1 3 2] 22
[5 3 1 2 3 2 1 3 1 1] 22
[3 5 1 4 2 3 1 3 3 1] 26
[3 4 1 5 1 3 3 1 3 2] 26
[3 2 5 1 1 3 3 1 2 1] 22
[4 5 3 1 1 2 3 1 3 3] 26
[1 3 5 4 3 1 3 1 3 2] 26
[5 3 1 2 1 2 1 3 3 1] 22
[5 4 1 3 1 1 2 3 3 3] 26
[2 1 5 3 3 1 1 2 3 1] 22
[5 2 3 1 1 1 3 3 1 2] 22
[5 1 2 3 3 1 1 1 3 2] 22
[2 1 5 3 1 3 1 3 1 2] 22
[5 1 3 4 2 3 1 3 3 1] 26
[5 2 3 1 2 3 1 1 3 1] 22
[2 5 1 3 1 2 3 3 1 1] 22
[5 1 2 3 3 3 1 2 1 1] 22
[1 3 5 4 1 3 3 2 1 3] 26
[4 3 1 5 1 3 3 2 3 1] 26
[5 3 4 1 2 3 3 1 3 1] 26
[4 1 3 5 3 1 1 3 2 3] 26
[3 4 5 1 1 3 1 3 3 2] 26
[1 5 4 3 1 3 3 3 1 2] 26
[3 5 4 1 1 2 3 1 3 3] 26
[1 5 2 3 1 1 3 1 2 3] 22
[1 5 4 3 2 3 1 1 3 3] 26
[5 2 1 3 1 1 3 3 1 2] 22
[5 1 3 4 3 2 3 1 3 1] 26
[1 2 5 3 2 1 1 1 3 3] 22
[3 1 2 5 3 1 1 1 3 2] 22
[2 5 1 3 3 1 1 2 3 1] 22
[5 4 3 1 2 3 1 3 3 1] 26
[3 2 5 1 3 1 1 3 2 1] 22
[1 3 2 5 1 3 2 1 1 3] 22
[5 3 4 1 3 3 3 1 1 2] 26
[1 3 5 4 3 3 3 1 1 2] 26
[1 5 2 3 3 1 1 2 3 1] 22
[3 1 4 5 2 3 3 1 1 3] 26
[5 4 3 1 1 3 1 3 2 3] 26
[2 1 5 3 3 1 1 3 1 2] 22
[1 4 5 3 2 1 3 3 1 3] 26
[3 1 2 5 3 3 1 1 1 2] 22
[5 2 1 3 3 1 1 2 1 3] 22
[1 3 4 5 1 3 3 3 2 1] 26
[1 5 4 3 1 2 1 3 3 3] 26
[3 5 2 1 1 2 1 3 1 3] 22
[1 3 5 4 3 2 3 1 1 3] 26
[1 4 5 3 1 3 2 1 3 3] 26
[5 1 4 3 1 2 3 1 3 3] 26
[2 3 5 1 3 1 3 1 2 1] 22
[2 3 5 1 1 2 1 3 1 3] 22
[3 1 5 2 3 1 2 3 1 1] 22
[1 5 3 2 1 2 1 1 3 3] 22
[1 3 2 5 1 3 1 2 3 1] 22
[1 3 5 4 1 3 3 1 2 3] 26
[1 5 3 2 2 3 1 1 3 1] 22
[2 5 3 1 1 3 1 1 2 3] 22
[1 5 4 3 3 3 1 3 1 2] 26
[5 3 2 1 1 3 1 3 1 2] 22
[4 1 5 3 3 3 1 2 1 3] 26
[1 5 3 2 1 3 2 1 3 1] 22
[3 1 5 2 1 3 1 2 3 1] 22
[3 1 5 4 1 3 1 2 3 3] 26
[5 4 3 1 1 3 2 1 3 3] 26
[4 5 3 1 1 3 2 1 3 3] 26
[1 3 5 4 3 3 2 3 1 1] 26
[5 4 3 1 2 1 3 3 1 3] 26
[1 5 3 2 1 1 2 3 3 1] 22
[2 5 3 1 1 1 3 3 1 2] 22
[1 3 2 5 3 3 1 2 1 1] 22
[5 1 3 4 3 1 3 3 2 1] 26
[5 1 3 2 2 3 1 3 1 1] 22
[1 3 5 4 2 3 1 3 3 1] 26
[4 5 3 1 3 3 2 1 3 1] 26
[3 4 5 1 3 1 3 2 3 1] 26
[4 3 5 1 3 3 3 1 1 2] 26
[3 5 1 4 1 3 3 1 2 3] 26
[2 5 3 1 3 3 2 1 1 1] 22
[2 5 3 1 1 1 3 1 3 2] 22
[1 3 5 2 1 1 1 3 3 2] 22
[2 5 1 3 1 3 1 2 1 3] 22
[3 1 4 5 1 2 1 3 3 3] 26
[5 1 3 2 1 1 2 3 3 1] 22
[4 3 5 1 3 1 2 3 3 1] 26
[1 3 2 5 2 1 3 1 1 3] 22
[5 1 4 3 3 1 3 1 2 3] 26
[1 3 2 5 1 3 1 1 2 3] 22
[5 3 2 1 1 1 3 1 3 2] 22
[1 2 3 5 1 3 1 3 2 1] 22
[4 5 1 3 2 1 1 3 3 3] 26
[3 1 5 4 1 3 3 3 1 2] 26
[5 4 1 3 3 1 2 3 3 1] 26
[5 1 3 2 3 3 1 2 1 1] 22
[5 3 2 1 3 1 1 2 1 3] 22
[5 4 1 3 3 1 1 3 2 3] 26
[4 3 5 1 1 3 3 2 1 3] 26
[1 2 3 5 3 3 1 2 1 1] 22
[4 1 3 5 2 3 3 1 1 3] 26
[5 1 3 2 3 2 1 1 1 3] 22
[3 1 5 4 3 3 2 1 3 1] 26
[1 3 5 2 3 1 2 3 1 1] 22
[1 3 5 4 3 1 2 3 1 3] 26
[5 1 3 2 1 1 2 3 1 3] 22
[4 3 1 5 1 3 2 3 1 3] 26
[1 2 5 3 1 2 3 1 3 1] 22
[1 4 5 3 2 3 1 1 3 3] 26
[1 5 3 4 3 1 3 2 3 1] 26
[5 1 4 3 3 3 1 2 1 3] 26
[3 5 2 1 3 2 1 3 1 1] 22
[2 5 3 1 1 3 3 2 1 1] 22
[5 3 4 1 2 3 1 3 1 3] 26
[5 2 3 1 3 1 2 1 3 1] 22
[5 2 3 1 1 3 1 3 2 1] 22
[3 1 5 4 2 1 1 3 3 3] 26
[5 3 1 4 2 1 3 1 3 3] 26
[5 4 1 3 1 3 3 2 3 1] 26
[1 3 5 4 2 1 3 3 1 3] 26
[3 5 1 2 1 1 1 2 3 3] 22
[4 3 1 5 1 2 3 3 3 1] 26
[3 1 2 5 3 1 3 2 1 1] 22
[3 5 1 2 1 1 3 1 2 3] 22
[4 3 1 5 3 1 3 1 2 3] 26
[1 3 5 4 1 3 3 3 1 2] 26
[3 5 4 1 3 2 1 1 3 3] 26
[1 3 5 2 2 3 1 1 3 1] 22
[3 4 5 1 3 3 1 2 3 1] 26
[3 1 4 5 2 3 3 1 3 1] 26
[1 2 5 3 1 2 3 3 1 1] 22
[3 4 5 1 3 3 3 2 1 1] 26
[5 4 1 3 1 3 1 3 3 2] 26
[1 3 2 5 3 1 2 1 3 1] 22
[1 5 2 3 1 3 3 1 1 2] 22
[1 3 2 5 1 2 3 3 1 1] 22
[2 1 5 3 1 1 3 3 1 2] 22
[3 5 1 2 1 2 3 1 3 1] 22
[3 4 5 1 2 3 1 3 3 1] 26
[1 3 2 5 1 3 1 1 3 2] 22
[5 4 1 3 3 2 1 1 3 3] 26
[4 5 1 3 1 1 3 3 3 2] 26
[1 3 5 2 3 2 3 1 1 1] 22
[2 5 3 1 2 1 3 1 1 3] 22
[3 4 1 5 3 3 1 1 2 3] 26
[3 1 5 2 1 2 1 3 3 1] 22
[5 1 4 3 3 1 3 3 1 2] 26
[1 5 4 3 3 1 3 1 3 2] 26
[4 1 5 3 1 3 1 3 3 2] 26
[5 2 1 3 1 3 1 3 2 1] 22
[1 4 3 5 3 1 3 1 3 2] 26
[5 3 2 1 3 3 1 1 1 2] 22
[5 2 1 3 3 1 1 3 1 2] 22
[1 5 3 4 1 3 3 2 3 1] 26
[1 2 5 3 1 1 3 3 2 1] 22
[2 1 3 5 1 3 1 3 2 1] 22
[4 3 5 1 3 1 1 3 3 2] 26
[5 1 3 4 3 1 1 3 3 2] 26
[4 1 3 5 3 3 1 2 1 3] 26
[1 3 5 2 1 1 1 3 2 3] 22
[5 4 1 3 2 3 3 1 1 3] 26
[5 3 4 1 3 1 3 2 1 3] 26
[4 5 1 3 1 3 2 3 1 3] 26
[1 3 2 5 1 3 1 2 1 3] 22
[4 3 1 5 3 3 1 3 1 2] 26
[3 5 1 2 1 2 3 3 1 1] 22
[4 3 5 1 1 3 2 3 1 3] 26
[2 3 5 1 2 3 1 1 1 3] 22
[3 1 5 2 2 1 1 3 3 1] 22
[1 4 5 3 3 1 1 3 3 2] 26
[2 5 3 1 3 1 1 3 1 2] 22
[2 1 5 3 1 3 1 1 3 2] 22
[5 3 4 1 3 2 1 3 3 1] 26
[3 1 5 4 1 2 3 3 3 1] 26
[3 5 1 4 3 2 3 1 3 1] 26
[3 5 4 1 1 3 2 3 3 1] 26
[1 5 2 3 1 3 1 1 2 3] 22
[5 1 3 4 1 3 1 3 3 2] 26
[5 1 4 3 3 3 3 2 1 1] 26
[1 5 4 3 3 3 1 2 1 3] 26
[3 2 5 1 3 2 1 1 3 1] 22
[1 3 5 4 1 2 3 3 3 1] 26
[5 4 3 1 3 1 3 3 2 1] 26
[4 5 1 3 3 3 1 3 1 2] 26
[5 4 3 1 2 1 1 3 3 3] 26
[1 5 3 2 3 1 2 1 3 1] 22
[2 3 5 1 1 3 1 3 1 2] 22
[2 3 5 1 1 1 3 1 2 3] 22
[3 2 1 5 1 2 1 3 1 3] 22
[3 2 5 1 3 3 2 1 1 1] 22
[3 5 4 1 3 3 1 2 3 1] 26
[1 4 5 3 2 3 3 1 3 1] 26
[2 5 1 3 1 3 2 1 3 1] 22
[3 1 2 5 1 1 3 3 1 2] 22
[5 4 3 1 3 3 1 1 3 2] 26
[5 1 3 4 3 1 2 1 3 3] 26
[1 4 3 5 3 2 1 3 3 1] 26
[1 4 5 3 3 1 3 1 3 2] 26
[1 5 3 2 1 1 3 1 3 2] 22
[5 4 3 1 3 1 1 3 2 3] 26
[4 3 5 1 1 1 3 3 3 2] 26
[1 3 4 5 1 3 1 3 2 3] 26
[1 3 2 5 1 2 1 3 1 3] 22
[5 1 4 3 1 3 2 3 1 3] 26
[1 3 5 2 1 3 1 2 3 1] 22
[3 5 1 2 1 3 1 2 3 1] 22
[3 5 1 4 3 2 1 3 3 1] 26
[3 5 4 1 1 1 2 3 3 3] 26
[2 3 5 1 3 3 1 1 2 1] 22
[4 5 3 1 1 3 3 2 1 3] 26
[4 5 3 1 3 3 1 2 3 1] 26
[2 1 5 3 1 1 3 2 3 1] 22
[5 3 1 2 2 1 3 3 1 1] 22
[3 2 1 5 2 1 3 3 1 1] 22
[1 4 3 5 1 3 2 3 3 1] 26
[5 3 1 4 3 2 1 3 3 1] 26
[1 5 3 2 3 1 3 1 1 2] 22
[5 4 3 1 1 3 3 1 2 3] 26
[1 4 3 5 3 1 3 2 1 3] 26
[1 5 4 3 2 1 3 3 3 1] 26
[5 2 1 3 2 1 3 3 1 1] 22
[3 1 5 2 3 3 1 2 1 1] 22
[5 3 2 1 1 3 1 1 2 3] 22
[4 1 5 3 1 3 3 1 3 2] 26
[4 1 3 5 3 3 3 1 1 2] 26
[3 5 1 4 2 1 3 1 3 3] 26
[1 3 2 5 3 3 1 1 1 2] 22
[5 3 1 4 3 1 1 3 2 3] 26
[3 1 4 5 1 3 3 2 3 1] 26
[5 1 3 4 1 3 3 3 1 2] 26
[2 1 3 5 3 1 1 2 3 1] 22
[4 3 1 5 3 1 2 1 3 3] 26
[5 3 4 1 3 2 1 3 1 3] 26
[3 2 1 5 2 1 1 3 3 1] 22
[2 1 3 5 1 1 3 1 3 2] 22
[4 1 3 5 3 2 3 1 1 3] 26
[1 4 3 5 3 2 1 1 3 3] 26
[2 3 1 5 1 2 1 3 1 3] 22
[5 2 1 3 1 1 3 1 2 3] 22
[4 3 1 5 3 1 1 3 2 3] 26
[4 1 5 3 1 1 3 3 3 2] 26
[3 1 4 5 3 3 3 1 1 2] 26
[2 5 1 3 3 3 1 2 1 1] 22
[1 4 5 3 2 1 1 3 3 3] 26
[5 1 3 2 2 1 1 3 3 1] 22
[4 3 1 5 3 3 2 1 1 3] 26
[3 4 5 1 3 2 1 3 1 3] 26
[5 4 1 3 3 3 1 3 2 1] 26
[2 5 1 3 2 1 1 1 3 3] 22
[3 4 1 5 3 1 1 3 3 2] 26
[1 2 5 3 1 1 3 1 2 3] 22
[3 4 1 5 1 3 3 2 3 1] 26
[1 5 2 3 3 1 2 1 3 1] 22
[1 2 5 3 3 3 1 1 2 1] 22
[3 5 2 1 3 2 1 1 3 1] 22
[3 1 5 4 1 1 3 3 3 2] 26
[1 5 3 4 2 1 3 1 3 3] 26
[3 2 1 5 3 1 1 1 2 3] 22
[5 1 3 2 1 2 3 1 1 3] 22
[1 2 5 3 1 3 3 2 1 1] 22
[5 1 4 3 3 1 1 3 2 3] 26
[1 3 2 5 1 1 1 3 2 3] 22
[3 4 1 5 3 1 3 2 1 3] 26
[2 5 3 1 2 3 1 1 1 3] 22
[3 4 5 1 1 3 2 3 1 3] 26
[4 3 1 5 3 1 1 2 3 3] 26
[5 1 3 2 3 3 1 1 1 2] 22
[5 4 1 3 3 1 3 2 1 3] 26
[5 3 4 1 3 3 1 1 2 3] 26
[3 1 5 2 3 3 2 1 1 1] 22
[3 1 4 5 1 3 1 3 2 3] 26
[1 4 5 3 2 1 3 1 3 3] 26
[4 5 3 1 2 3 3 1 1 3] 26
[1 2 3 5 1 3 2 1 1 3] 22
[1 5 2 3 3 3 1 1 1 2] 22
[5 3 1 4 3 3 1 1 2 3] 26
[3 2 5 1 1 2 3 3 1 1] 22
[5 2 1 3 2 1 1 3 1 3] 22
[3 5 1 2 3 1 1 3 1 2] 22
[3 4 1 5 2 3 3 1 3 1] 26
[3 4 1 5 1 3 3 2 1 3] 26
[5 3 4 1 1 1 3 2 3 3] 26
[1 3 5 2 2 1 1 3 3 1] 22
[5 3 1 4 3 1 3 3 1 2] 26
[2 3 1 5 3 1 3 2 1 1] 22
[3 5 4 1 3 3 2 1 3 1] 26
[1 3 4 5 3 3 3 2 1 1] 26
[3 2 5 1 1 1 2 3 3 1] 22
[3 4 1 5 2 3 1 3 3 1] 26
[3 1 5 4 1 2 1 3 3 3] 26
[3 5 1 4 1 2 3 1 3 3] 26
[3 4 1 5 1 1 2 3 3 3] 26
[1 5 3 4 1 3 3 2 1 3] 26
[1 3 5 2 2 3 1 3 1 1] 22
[2 5 3 1 1 1 3 2 3 1] 22
[2 5 3 1 3 1 2 1 1 3] 22
[4 1 5 3 1 3 3 2 3 1] 26
[3 1 2 5 1 1 1 3 3 2] 22
[1 2 5 3 1 2 1 3 3 1] 22
[2 5 1 3 3 1 2 1 3 1] 22
[3 2 5 1 1 2 1 3 3 1] 22
[4 1 3 5 2 1 3 1 3 3] 26
[2 3 1 5 2 3 1 3 1 1] 22
[4 5 3 1 3 2 1 3 1 3] 26
[3 5 1 2 3 1 1 1 2 3] 22
[4 3 1 5 3 3 1 2 3 1] 26
[5 3 1 4 3 1 3 2 3 1] 26
[1 2 5 3 2 1 3 1 3 1] 22
[3 2 5 1 1 3 2 1 3 1] 22
[5 3 4 1 3 1 3 3 1 2] 26
[3 5 4 1 1 2 3 3 3 1] 26
[1 4 5 3 1 2 3 1 3 3] 26
[5 3 1 4 1 1 3 3 3 2] 26
[5 1 3 2 2 1 1 3 1 3] 22
[1 4 3 5 3 1 2 1 3 3] 26
[3 1 5 4 3 1 3 2 3 1] 26
[4 5 3 1 3 3 3 1 2 1] 26
[4 3 1 5 3 2 3 1 3 1] 26
[3 5 1 2 3 1 1 2 1 3] 22
[3 5 1 2 2 1 3 3 1 1] 22
[3 1 5 4 3 1 3 3 2 1] 26
[3 1 5 2 3 1 1 3 1 2] 22
[3 5 4 1 3 3 3 1 2 1] 26
[1 4 3 5 3 1 2 3 3 1] 26
[3 1 5 2 1 1 1 2 3 3] 22
[1 3 5 4 3 2 3 1 3 1] 26
[3 2 5 1 1 1 2 3 1 3] 22
[2 1 5 3 1 1 1 2 3 3] 22
[4 3 5 1 1 3 3 3 1 2] 26
[1 5 4 3 2 3 3 1 3 1] 26
[3 5 1 4 3 2 3 3 1 1] 26
[1 3 5 4 3 1 1 3 3 2] 26
[1 4 5 3 1 1 2 3 3 3] 26
[3 4 1 5 3 1 3 1 2 3] 26
[4 1 3 5 1 1 3 2 3 3] 26
[4 1 3 5 3 3 3 2 1 1] 26
[1 2 5 3 3 3 1 2 1 1] 22
[3 1 5 2 1 1 3 3 2 1] 22
[5 1 3 4 3 3 1 2 3 1] 26
[3 5 1 2 3 1 3 2 1 1] 22
[5 4 1 3 3 1 2 1 3 3] 26
[1 3 5 2 2 1 1 3 1 3] 22
[1 4 3 5 3 3 1 3 2 1] 26
[5 3 4 1 1 3 3 1 3 2] 26
[1 2 5 3 3 2 1 1 1 3] 22
[3 4 5 1 2 3 3 1 1 3] 26
[3 4 5 1 1 3 2 3 3 1] 26
[5 3 1 4 1 2 3 3 1 3] 26
[4 1 3 5 3 1 3 1 3 2] 26
[1 2 3 5 2 3 1 1 3 1] 22
[1 3 2 5 1 2 3 1 1 3] 22
[4 3 1 5 3 3 2 3 1 1] 26
[5 4 1 3 1 3 3 2 1 3] 26
[5 3 1 2 1 2 3 1 1 3] 22
[4 3 5 1 1 2 1 3 3 3] 26
[2 5 1 3 1 3 1 3 1 2] 22
[3 4 1 5 3 1 3 2 3 1] 26
[5 3 4 1 2 3 1 3 3 1] 26
[5 2 3 1 3 2 1 1 3 1] 22
[1 5 3 2 3 1 2 1 1 3] 22
[1 2 3 5 3 1 2 3 1 1] 22
[3 1 4 5 1 3 1 3 3 2] 26
[5 3 1 2 1 2 3 1 3 1] 22
[3 5 2 1 1 3 1 3 2 1] 22
[2 3 1 5 3 1 1 2 1 3] 22
[1 4 3 5 1 2 3 3 1 3] 26
[3 2 5 1 1 1 3 2 3 1] 22
[3 1 5 2 1 3 2 3 1 1] 22
[4 1 5 3 3 2 1 3 3 1] 26
[2 3 5 1 1 1 3 1 3 2] 22
[1 5 4 3 1 3 2 3 1 3] 26
[1 5 4 3 1 3 1 3 2 3] 26
[5 3 1 4 3 3 1 3 2 1] 26
[1 4 5 3 3 3 2 3 1 1] 26
[4 5 3 1 3 2 3 3 1 1] 26
[5 3 1 4 3 2 3 1 1 3] 26
[5 3 4 1 1 3 1 2 3 3] 26
[3 2 1 5 1 2 3 1 1 3] 22
[3 5 1 2 3 1 2 3 1 1] 22
[5 1 3 4 1 2 3 1 3 3] 26
[2 5 3 1 3 1 3 1 2 1] 22
[3 1 2 5 2 1 3 1 1 3] 22
[1 5 2 3 3 1 3 2 1 1] 22
[2 3 1 5 1 1 3 3 2 1] 22
[2 3 5 1 2 3 3 1 1 1] 22
[3 4 5 1 3 3 3 1 2 1] 26
[1 4 5 3 3 2 3 3 1 1] 26
[3 4 1 5 1 3 2 3 1 3] 26
[5 4 1 3 2 1 3 3 3 1] 26
[1 2 5 3 1 2 1 3 1 3] 22
[3 4 1 5 3 1 2 3 3 1] 26
[1 5 3 2 1 3 1 1 3 2] 22
[1 2 3 5 3 1 1 2 1 3] 22
[2 3 5 1 2 3 1 3 1 1] 22
[1 4 3 5 3 3 1 2 3 1] 26
[1 2 5 3 3 1 3 1 2 1] 22
[4 1 3 5 3 1 3 2 3 1] 26
[3 1 5 4 2 3 1 3 3 1] 26
[5 1 4 3 1 3 1 3 2 3] 26
[5 2 1 3 3 1 3 1 2 1] 22
[4 5 1 3 1 3 2 1 3 3] 26
[5 3 1 2 2 3 1 3 1 1] 22
[1 4 3 5 3 3 2 3 1 1] 26
[5 2 1 3 1 3 1 3 1 2] 22
[2 1 3 5 3 3 1 2 1 1] 22
[5 1 3 2 1 1 3 3 1 2] 22
[5 3 1 2 1 1 3 2 1 3] 22
[4 5 1 3 3 2 3 3 1 1] 26
[1 2 5 3 1 1 3 3 1 2] 22
[5 3 1 2 2 3 3 1 1 1] 22
[2 5 3 1 2 1 3 1 3 1] 22
[5 1 3 4 3 1 3 3 1 2] 26
[5 3 1 2 3 1 1 2 3 1] 22
[5 1 3 4 3 3 2 3 1 1] 26
[3 1 5 2 2 1 3 1 3 1] 22
[1 4 5 3 1 3 1 3 3 2] 26
[5 3 1 2 1 3 3 1 2 1] 22
[1 2 5 3 1 1 1 3 3 2] 22
[5 3 1 2 1 3 1 2 1 3] 22
[1 5 2 3 1 3 1 2 3 1] 22
[4 3 1 5 3 1 2 3 1 3] 26
[3 4 1 5 3 2 3 3 1 1] 26
[3 1 5 2 3 1 1 1 3 2] 22
[1 5 4 3 2 3 3 1 1 3] 26
[3 4 5 1 3 3 2 1 3 1] 26
[5 2 1 3 3 1 1 1 3 2] 22
[3 2 5 1 2 1 1 3 1 3] 22
[5 4 1 3 2 3 3 1 3 1] 26
[4 3 5 1 1 3 1 3 2 3] 26
[4 1 5 3 3 1 3 1 2 3] 26
[1 3 2 5 1 3 2 3 1 1] 22
[5 2 1 3 3 1 2 3 1 1] 22
[1 3 4 5 3 3 3 1 2 1] 26
[1 3 5 4 3 2 1 3 1 3] 26
[1 5 4 3 3 3 1 2 3 1] 26
[3 4 5 1 1 3 3 3 1 2] 26
[3 1 5 2 1 2 1 3 1 3] 22
[4 5 3 1 3 1 3 2 1 3] 26
[5 3 2 1 2 3 1 1 1 3] 22
[3 1 2 5 1 1 3 2 3 1] 22
[1 2 5 3 2 3 1 1 1 3] 22
[3 4 1 5 1 3 3 3 2 1] 26
[1 3 2 5 2 3 1 1 3 1] 22
[3 4 1 5 1 2 3 3 3 1] 26
[5 1 3 4 3 3 1 3 1 2] 26
[3 1 2 5 3 1 3 1 1 2] 22
[1 2 3 5 2 1 3 3 1 1] 22
[2 1 5 3 1 1 3 2 1 3] 22
[1 3 2 5 2 1 1 1 3 3] 22
[4 3 1 5 3 3 1 2 1 3] 26
[1 2 3 5 3 1 1 1 3 2] 22
[3 1 5 4 3 1 1 3 2 3] 26
[3 1 2 5 1 3 2 1 3 1] 22
[4 1 3 5 1 3 2 3 1 3] 26
[3 2 5 1 1 3 3 1 1 2] 22
[5 3 1 2 3 1 1 2 1 3] 22
[4 3 5 1 3 2 1 3 3 1] 26
[3 1 2 5 3 3 2 1 1 1] 22
[5 1 3 2 2 1 1 1 3 3] 22
[3 4 1 5 1 3 1 3 3 2] 26
[2 5 1 3 3 2 3 1 1 1] 22
[3 1 4 5 1 1 3 3 3 2] 26
[3 5 1 4 3 1 3 2 1 3] 26
[2 5 3 1 1 1 3 2 1 3] 22
[2 3 1 5 3 2 3 1 1 1] 22
[5 1 3 2 1 1 1 2 3 3] 22
[2 3 5 1 1 3 1 2 1 3] 22
[5 2 3 1 1 3 1 3 1 2] 22
[3 4 5 1 3 3 2 1 1 3] 26
[5 4 3 1 3 1 3 1 3 2] 26
[1 5 3 4 3 2 1 3 1 3] 26
[2 5 3 1 1 2 3 1 3 1] 22
[3 5 1 4 1 2 3 3 3 1] 26
[4 1 3 5 1 3 3 3 1 2] 26
[4 5 1 3 2 1 3 3 1 3] 26
[5 2 1 3 1 1 3 2 1 3] 22
[5 1 2 3 2 1 3 3 1 1] 22
[1 2 5 3 2 1 3 3 1 1] 22
[4 3 5 1 1 1 3 3 2 3] 26
[5 3 1 4 3 3 1 2 3 1] 26
[2 1 5 3 2 3 3 1 1 1] 22
[3 2 1 5 3 3 1 1 2 1] 22
[3 5 1 2 2 3 3 1 1 1] 22
[4 5 3 1 3 3 1 3 2 1] 26
[3 5 2 1 3 1 1 3 2 1] 22
[2 5 3 1 3 1 1 2 3 1] 22
[4 5 1 3 3 3 3 2 1 1] 26
[2 5 1 3 1 1 2 3 1 3] 22
[3 5 1 2 1 1 2 3 3 1] 22
[4 5 3 1 3 3 1 1 2 3] 26
[1 4 5 3 1 3 3 2 1 3] 26
[3 1 4 5 1 2 3 1 3 3] 26
[1 5 2 3 1 2 3 1 3 1] 22
[5 3 4 1 3 1 3 1 3 2] 26
[3 4 1 5 3 2 3 1 3 1] 26
[1 2 3 5 3 1 1 3 2 1] 22
[1 5 3 4 3 2 1 3 3 1] 26
[5 2 1 3 1 3 1 1 2 3] 22
[1 5 3 2 1 1 2 1 3 3] 22
[4 5 1 3 3 1 3 3 2 1] 26
[3 2 5 1 1 1 3 2 1 3] 22
[5 1 3 4 3 3 1 2 1 3] 26
[1 5 3 2 3 1 1 2 3 1] 22
[1 5 4 3 3 3 2 3 1 1] 26
[3 4 5 1 1 3 3 2 1 3] 26
[4 5 1 3 3 2 1 3 3 1] 26
[5 3 1 2 3 1 2 1 3 1] 22
[1 4 5 3 3 3 1 3 1 2] 26
[2 1 3 5 3 1 1 1 3 2] 22
[2 1 5 3 3 1 1 1 2 3] 22
[5 3 1 4 1 3 3 2 3 1] 26
[4 1 3 5 1 2 3 1 3 3] 26
[5 2 3 1 1 1 3 3 2 1] 22
[1 3 5 4 1 3 3 2 3 1] 26
[1 3 5 2 1 2 3 1 1 3] 22
[5 2 3 1 1 2 3 1 1 3] 22
[4 3 1 5 1 3 1 3 3 2] 26
[1 5 3 2 3 3 1 1 1 2] 22
[2 3 1 5 1 2 1 3 3 1] 22
[2 1 5 3 1 1 1 3 2 3] 22
[2 3 1 5 1 2 3 3 1 1] 22
[1 3 2 5 3 1 1 2 3 1] 22
[1 5 3 2 1 3 3 1 2 1] 22
[5 1 2 3 1 1 3 1 3 2] 22
[2 5 3 1 1 3 1 2 3 1] 22
[3 4 5 1 3 3 3 1 1 2] 26
[4 1 3 5 1 1 2 3 3 3] 26
[2 1 3 5 3 1 1 3 1 2] 22
[4 3 5 1 1 1 2 3 3 3] 26
[5 1 4 3 2 1 3 1 3 3] 26
[4 5 3 1 2 1 3 1 3 3] 26
[3 5 1 4 1 3 3 3 2 1] 26
[3 2 1 5 3 2 1 1 3 1] 22
[4 3 5 1 1 1 3 2 3 3] 26
[3 5 1 4 3 1 3 1 2 3] 26
[3 4 1 5 1 1 3 2 3 3] 26
[5 1 2 3 2 3 1 1 1 3] 22
[1 2 3 5 1 3 3 1 2 1] 22
[1 5 4 3 3 3 3 2 1 1] 26
[2 1 5 3 1 3 1 3 2 1] 22
[1 5 3 2 3 2 1 1 3 1] 22
[5 2 1 3 3 1 3 1 1 2] 22
[3 4 5 1 1 2 1 3 3 3] 26
[5 2 3 1 3 1 3 1 2 1] 22
[3 5 4 1 1 3 3 1 3 2] 26
[3 1 4 5 2 1 3 3 3 1] 26
[2 1 3 5 3 1 2 1 1 3] 22
[2 5 3 1 1 1 2 3 1 3] 22
[5 3 2 1 1 2 3 3 1 1] 22
[5 4 3 1 2 1 3 3 3 1] 26
[1 5 2 3 1 1 3 3 1 2] 22
[4 1 3 5 1 3 1 3 3 2] 26
[2 1 3 5 1 1 1 3 3 2] 22
[1 2 5 3 1 1 3 2 3 1] 22
[4 5 1 3 3 1 2 3 3 1] 26
[4 1 5 3 1 2 3 3 1 3] 26
[4 1 3 5 2 3 1 3 1 3] 26
[3 1 2 5 2 3 3 1 1 1] 22
[5 4 1 3 1 3 3 1 2 3] 26
[1 3 4 5 1 1 3 3 3 2] 26
[3 1 5 2 1 1 3 2 1 3] 22
[2 3 5 1 1 1 1 2 3 3] 22
[4 5 1 3 3 1 3 1 2 3] 26
[1 2 3 5 2 1 3 1 3 1] 22
[1 3 5 4 3 2 3 3 1 1] 26
[3 5 1 4 3 1 3 3 2 1] 26
[3 1 5 4 2 3 1 1 3 3] 26
[4 5 1 3 1 3 1 3 3 2] 26
[3 4 5 1 1 1 2 3 3 3] 26
[1 3 2 5 3 1 1 3 2 1] 22
[3 5 1 2 1 3 1 1 3 2] 22
[4 3 1 5 1 1 2 3 3 3] 26
[1 3 5 4 1 1 3 3 3 2] 26
[4 5 1 3 1 3 1 2 3 3] 26
[3 4 1 5 1 2 3 3 1 3] 26
[5 1 3 4 2 3 3 1 3 1] 26
[4 3 1 5 3 3 1 1 3 2] 26
[5 4 3 1 3 1 3 3 1 2] 26
[1 4 3 5 3 2 3 1 1 3] 26
[1 4 3 5 3 3 2 1 1 3] 26
[5 1 4 3 3 2 1 3 1 3] 26
[1 4 3 5 1 1 3 2 3 3] 26
[3 1 5 4 3 1 1 3 3 2] 26
[1 4 3 5 3 1 2 3 1 3] 26
[1 3 4 5 1 3 3 1 3 2] 26
[1 4 3 5 2 3 1 3 1 3] 26
[5 3 2 1 1 3 2 1 1 3] 22
[1 2 5 3 2 3 1 1 3 1] 22
[2 3 5 1 1 1 3 2 3 1] 22
[3 1 5 4 3 2 3 1 3 1] 26
[2 5 3 1 1 2 1 3 1 3] 22
[1 2 5 3 1 3 3 1 1 2] 22
[2 1 5 3 3 2 1 1 3 1] 22
[4 1 3 5 3 3 1 3 1 2] 26
[1 5 2 3 1 3 2 3 1 1] 22
[3 1 2 5 2 1 1 3 3 1] 22
[5 4 1 3 1 3 1 3 2 3] 26
[3 4 5 1 1 3 2 1 3 3] 26
[3 2 1 5 2 1 3 1 1 3] 22
[3 5 2 1 3 1 2 1 1 3] 22
[4 5 3 1 1 3 1 3 2 3] 26
[3 5 1 2 1 2 3 1 1 3] 22
[1 4 3 5 3 3 1 1 2 3] 26
[5 1 3 2 2 1 3 1 1 3] 22
[5 1 3 4 3 2 1 1 3 3] 26
[2 5 1 3 3 1 1 3 2 1] 22
[3 1 5 4 1 3 3 1 3 2] 26
[2 3 5 1 3 1 2 1 3 1] 22
[4 5 3 1 1 2 1 3 3 3] 26
[3 2 1 5 1 1 1 3 2 3] 22
[2 1 5 3 3 1 3 1 1 2] 22
[1 5 3 4 3 1 1 3 2 3] 26
[1 5 3 4 2 3 3 3 1 1] 26
[1 4 3 5 1 3 3 2 1 3] 26
[5 3 1 2 2 3 1 1 3 1] 22
[5 2 1 3 1 2 1 3 1 3] 22
[1 3 5 2 3 1 1 1 3 2] 22
[3 1 2 5 1 2 3 1 1 3] 22
[1 3 4 5 2 1 3 1 3 3] 26
[5 1 4 3 3 3 1 3 2 1] 26
[2 1 3 5 1 3 3 1 1 2] 22
[5 3 4 1 1 2 3 3 1 3] 26
[4 3 1 5 1 3 3 3 1 2] 26
[5 3 1 2 1 2 3 3 1 1] 22
[4 3 5 1 2 1 3 1 3 3] 26
[3 5 4 1 3 1 1 3 3 2] 26
[3 2 1 5 2 3 1 3 1 1] 22
[5 3 1 4 1 3 1 2 3 3] 26
[1 5 3 4 3 1 2 3 1 3] 26
[5 4 3 1 3 3 1 1 2 3] 26
[3 1 5 2 2 3 1 1 3 1] 22
[1 5 4 3 3 2 1 1 3 3] 26
[3 5 1 2 3 3 1 2 1 1] 22
[4 3 5 1 1 2 3 3 1 3] 26
[1 2 5 3 3 1 1 1 2 3] 22
[2 1 3 5 1 2 3 1 3 1] 22
[1 5 3 2 1 3 1 2 3 1] 22
[2 1 5 3 1 3 3 1 1 2] 22
[1 2 3 5 1 2 1 3 1 3] 22
[3 2 1 5 1 3 2 1 1 3] 22
[3 5 2 1 1 1 3 3 1 2] 22
[1 3 5 4 1 2 1 3 3 3] 26
[2 3 5 1 1 3 1 3 2 1] 22
[2 5 3 1 2 3 3 1 1 1] 22
[1 3 5 4 3 1 2 3 3 1] 26
[3 5 1 2 1 1 3 1 3 2] 22
[3 5 2 1 3 2 1 1 1 3] 22
[3 5 1 4 2 3 3 3 1 1] 26
[1 4 5 3 3 1 3 1 2 3] 26
[5 3 1 2 3 1 1 3 2 1] 22
[3 5 4 1 2 3 1 3 3 1] 26
[2 1 5 3 1 1 3 1 2 3] 22
[5 3 1 2 1 1 3 3 2 1] 22
[1 2 5 3 3 1 1 2 1 3] 22
[2 5 1 3 1 1 3 1 2 3] 22
[5 4 1 3 3 3 1 2 3 1] 26
[3 5 2 1 2 3 1 3 1 1] 22
[2 3 5 1 2 1 1 3 3 1] 22
[3 1 4 5 1 2 3 3 3 1] 26
[2 5 1 3 1 1 3 1 3 2] 22
[2 5 1 3 1 1 3 3 1 2] 22
[3 2 5 1 1 2 1 1 3 3] 22
[2 1 3 5 1 1 2 3 3 1] 22
[5 1 2 3 3 3 1 1 1 2] 22
[2 1 3 5 1 1 3 3 2 1] 22
[5 1 4 3 3 3 3 1 1 2] 26
[5 3 1 2 3 1 1 1 3 2] 22
[3 1 5 4 1 3 2 3 3 1] 26
[1 5 3 4 1 2 1 3 3 3] 26
[4 3 5 1 3 2 3 3 1 1] 26
[4 5 3 1 3 3 3 1 1 2] 26
[4 3 1 5 2 3 1 3 1 3] 26
[1 4 5 3 1 3 2 3 3 1] 26
[2 3 5 1 1 2 3 1 1 3] 22
[4 5 3 1 1 2 3 3 3 1] 26
[4 1 3 5 2 3 3 1 3 1] 26
[5 1 3 2 1 2 3 1 3 1] 22
[5 1 3 2 2 1 3 1 3 1] 22
[3 2 5 1 1 1 3 3 2 1] 22
[3 4 5 1 3 1 3 3 2 1] 26
[3 5 2 1 1 1 2 3 3 1] 22
[1 4 5 3 3 3 2 1 1 3] 26
[3 1 2 5 3 1 1 3 2 1] 22
[3 1 5 2 2 1 3 1 1 3] 22
[3 5 4 1 3 3 1 1 3 2] 26
[4 5 1 3 1 3 3 3 1 2] 26
[5 3 1 2 1 1 1 2 3 3] 22
[1 3 4 5 1 2 3 3 3 1] 26
[4 3 5 1 2 3 1 1 3 3] 26
[4 3 5 1 3 3 1 3 1 2] 26
[3 1 4 5 3 3 2 3 1 1] 26
[2 5 1 3 3 1 3 2 1 1] 22
[2 1 3 5 1 1 2 1 3 3] 22
[5 3 1 2 2 1 3 1 1 3] 22
[1 4 5 3 1 3 3 3 1 2] 26
[5 3 1 4 3 2 3 3 1 1] 26
[3 1 4 5 2 3 1 3 1 3] 26
[5 3 1 2 1 1 2 3 3 1] 22
[2 1 5 3 1 2 3 1 3 1] 22
[1 5 4 3 3 2 3 3 1 1] 26
[2 5 1 3 1 2 1 3 1 3] 22
[5 2 3 1 3 1 1 2 1 3] 22
[3 5 4 1 1 1 3 2 3 3] 26
[2 3 5 1 3 2 3 1 1 1] 22
[5 3 2 1 1 1 3 2 1 3] 22
[2 5 1 3 1 1 3 2 3 1] 22
[4 3 5 1 1 3 3 1 3 2] 26
[5 3 2 1 3 1 3 2 1 1] 22
[3 4 5 1 3 1 1 2 3 3] 26
[3 2 1 5 3 1 2 1 3 1] 22
[3 5 1 4 1 2 1 3 3 3] 26
[3 5 2 1 1 1 3 2 3 1] 22
[5 4 3 1 3 2 3 1 1 3] 26
[1 4 3 5 1 3 3 3 2 1] 26
[1 5 3 2 1 3 3 2 1 1] 22
[2 1 3 5 3 1 1 1 2 3] 22
[4 1 3 5 3 3 2 1 1 3] 26
[4 5 3 1 3 3 1 3 1 2] 26
[5 1 4 3 1 1 2 3 3 3] 26
[2 3 1 5 3 1 3 1 1 2] 22
[4 5 1 3 3 3 2 1 3 1] 26
[2 5 3 1 1 1 1 2 3 3] 22
[3 1 5 2 3 1 1 2 1 3] 22
[3 2 1 5 3 1 3 1 1 2] 22
[3 5 1 4 3 1 3 1 3 2] 26
[3 5 1 2 2 1 1 1 3 3] 22
[3 4 1 5 3 1 1 2 3 3] 26
[1 3 4 5 1 3 2 1 3 3] 26
[4 5 1 3 3 2 3 1 1 3] 26
[3 4 1 5 1 2 3 1 3 3] 26
[4 3 1 5 2 3 3 1 1 3] 26
[1 3 5 2 3 1 2 1 3 1] 22
[3 5 2 1 1 2 3 3 1 1] 22
[4 3 1 5 2 1 1 3 3 3] 26
[2 1 3 5 3 1 2 3 1 1] 22
[3 1 5 2 2 1 3 3 1 1] 22
[3 5 1 2 3 1 1 2 3 1] 22
[3 2 5 1 3 1 3 1 1 2] 22
[1 5 4 3 1 1 3 2 3 3] 26
[3 4 5 1 2 1 3 3 1 3] 26
[4 5 3 1 3 3 2 3 1 1] 26
[3 2 1 5 1 1 3 1 2 3] 22
[2 5 3 1 3 3 1 1 1 2] 22
[3 5 1 2 1 1 1 3 3 2] 22
[1 5 3 4 3 3 1 3 1 2] 26
[3 2 5 1 3 3 1 1 1 2] 22
[1 5 3 4 3 1 1 2 3 3] 26
[5 4 1 3 1 1 3 3 2 3] 26
[3 1 5 2 1 1 3 3 1 2] 22
[5 2 3 1 2 1 1 1 3 3] 22
[5 4 3 1 1 1 3 2 3 3] 26
[5 2 1 3 1 1 2 1 3 3] 22
[5 3 1 4 2 3 1 3 3 1] 26
[4 3 1 5 3 1 3 1 3 2] 26
[1 5 3 4 3 3 1 2 3 1] 26
[4 1 3 5 1 3 3 1 3 2] 26
[2 1 5 3 2 3 1 3 1 1] 22
[3 1 5 2 3 1 2 1 3 1] 22
[5 1 3 2 3 2 3 1 1 1] 22
[4 5 1 3 2 3 3 1 3 1] 26
[3 1 5 4 2 3 3 1 1 3] 26
[5 4 1 3 3 2 1 3 1 3] 26
[1 3 5 2 3 1 3 1 1 2] 22
[2 5 3 1 1 1 3 3 2 1] 22
[1 3 2 5 3 1 3 1 1 2] 22
[1 4 5 3 3 1 3 2 3 1] 26
[4 5 3 1 2 3 1 3 1 3] 26
[2 5 3 1 3 3 1 2 1 1] 22
[2 5 3 1 2 3 1 1 3 1] 22
[4 1 3 5 2 1 3 3 1 3] 26
[4 1 5 3 3 1 3 3 1 2] 26
[1 3 2 5 3 1 1 1 2 3] 22
[4 1 3 5 2 3 1 1 3 3] 26
[5 1 4 3 1 3 2 1 3 3] 26
[3 2 5 1 1 3 2 1 1 3] 22
[5 1 2 3 3 3 2 1 1 1] 22
[2 5 3 1 2 3 1 3 1 1] 22
[1 4 3 5 3 3 1 1 3 2] 26
[5 3 1 2 3 3 1 2 1 1] 22
[5 3 2 1 1 1 2 3 3 1] 22
[5 1 4 3 1 2 3 3 1 3] 26
[3 1 5 2 1 2 3 3 1 1] 22
[3 5 1 4 2 3 1 3 1 3] 26
[4 5 3 1 3 3 1 1 3 2] 26
[5 3 4 1 3 1 1 3 3 2] 26
[5 4 3 1 1 3 3 1 3 2] 26
[4 3 1 5 3 1 3 3 2 1] 26
[1 5 3 2 1 3 1 2 1 3] 22
[5 3 4 1 3 3 1 2 1 3] 26
[3 4 1 5 2 1 3 3 1 3] 26
[1 5 4 3 1 3 3 1 2 3] 26
[5 2 3 1 3 1 1 2 3 1] 22
[3 4 1 5 3 3 1 2 3 1] 26
[2 5 3 1 1 2 3 1 1 3] 22
[1 3 5 2 2 3 3 1 1 1] 22
[5 3 4 1 3 3 1 2 3 1] 26
[4 3 1 5 1 2 1 3 3 3] 26
[1 2 5 3 1 1 1 3 2 3] 22
[4 3 5 1 1 2 3 1 3 3] 26
[5 2 3 1 3 3 1 2 1 1] 22
[4 1 3 5 1 2 3 3 1 3] 26
[1 5 3 2 3 2 1 1 1 3] 22
[1 4 5 3 3 3 3 1 2 1] 26
[2 1 5 3 3 2 3 1 1 1] 22
[5 3 1 2 1 3 3 2 1 1] 22
[3 5 2 1 1 1 2 1 3 3] 22
[5 3 4 1 3 3 2 1 3 1] 26
[1 5 2 3 1 1 2 1 3 3] 22
[3 1 4 5 3 2 1 3 3 1] 26
[5 1 2 3 1 2 1 1 3 3] 22
[2 5 1 3 2 3 1 1 1 3] 22
[3 1 5 4 1 1 3 2 3 3] 26
[2 5 1 3 2 1 3 1 3 1] 22
[3 5 4 1 1 3 2 3 1 3] 26
[4 1 3 5 3 2 1 3 1 3] 26
[3 1 5 2 1 3 3 1 2 1] 22
[5 4 1 3 1 3 2 3 3 1] 26
[4 5 3 1 3 1 1 2 3 3] 26
[1 5 3 2 1 1 1 2 3 3] 22
[2 5 1 3 1 3 2 3 1 1] 22
[1 5 2 3 1 3 2 1 3 1] 22
[2 1 5 3 3 1 3 2 1 1] 22
[1 2 3 5 1 3 3 2 1 1] 22
[5 2 1 3 1 3 2 3 1 1] 22
[1 4 3 5 3 3 1 2 1 3] 26
[3 4 5 1 3 1 2 1 3 3] 26
[5 3 4 1 2 1 3 3 1 3] 26
[3 5 2 1 3 3 1 1 1 2] 22
[3 1 5 4 2 3 3 1 3 1] 26
[2 1 5 3 3 3 1 1 2 1] 22
[1 3 2 5 1 1 3 2 1 3] 22
[5 3 1 4 1 3 3 1 2 3] 26
[5 1 3 4 2 1 3 3 1 3] 26
[1 5 3 4 1 1 3 3 2 3] 26
[1 5 2 3 2 1 3 3 1 1] 22
[2 5 3 1 1 2 1 3 3 1] 22
[2 1 5 3 1 1 3 3 2 1] 22
[1 2 3 5 1 1 2 3 3 1] 22
[5 1 4 3 3 1 3 2 1 3] 26
[1 3 5 4 3 1 1 3 2 3] 26
[3 5 4 1 1 3 3 3 2 1] 26
[1 3 4 5 1 3 3 1 2 3] 26
[4 5 1 3 2 3 1 3 1 3] 26
[1 3 5 2 3 2 1 1 3 1] 22
[4 5 3 1 3 1 1 3 2 3] 26
[3 1 5 2 3 1 1 1 2 3] 22
[3 5 2 1 1 2 1 1 3 3] 22
[1 5 4 3 2 3 3 3 1 1] 26
[5 1 2 3 3 1 1 1 2 3] 22
[3 2 1 5 3 1 2 1 1 3] 22
[5 4 3 1 3 2 1 1 3 3] 26
[4 1 5 3 3 2 3 1 3 1] 26
[1 2 3 5 1 3 3 1 1 2] 22
[2 1 3 5 1 1 3 3 1 2] 22
[3 5 1 2 1 3 2 1 3 1] 22
[2 1 3 5 1 3 1 2 3 1] 22
[1 4 3 5 1 2 1 3 3 3] 26
[4 1 5 3 2 3 1 3 3 1] 26
[1 3 5 4 3 3 2 1 3 1] 26
[5 1 4 3 3 1 3 1 3 2] 26
[1 5 4 3 1 3 1 2 3 3] 26
[3 5 1 2 3 1 2 1 1 3] 22
[5 1 3 4 2 1 3 1 3 3] 26
[3 1 2 5 1 2 3 3 1 1] 22
[5 3 1 4 1 3 3 2 1 3] 26
[3 5 2 1 3 1 1 1 3 2] 22
[5 2 3 1 1 1 3 1 3 2] 22
[5 2 3 1 1 2 3 3 1 1] 22
[5 1 2 3 3 2 1 1 1 3] 22
[3 1 2 5 1 1 3 1 3 2] 22
[3 2 1 5 1 3 1 2 3 1] 22
[4 1 3 5 2 3 1 3 3 1] 26
