[1 1 3 3 4 1 1 3 3 4] 24
[1 1 3 3 4 1 1 3 4 3] 24
[1 1 3 3 4 1 1 4 3 3] 24
[1 1 3 3 4 1 3 1 3 4] 24
[1 1 3 3 4 1 3 1 4 3] 24
[1 1 3 3 4 1 3 3 1 4] 24
[1 1 3 3 4 1 3 3 4 1] 24
[1 1 3 3 4 1 3 4 1 3] 24
[1 1 3 3 4 1 3 4 3 1] 24
[1 1 3 3 4 1 4 1 3 3] 24
[1 1 3 3 4 1 4 3 1 3] 24
[1 1 3 3 4 1 4 3 3 1] 24
[1 1 3 3 4 3 1 1 3 4] 24
[1 1 3 3 4 3 1 1 4 3] 24
[1 1 3 3 4 3 1 3 1 4] 24
[1 1 3 3 4 3 1 3 4 1] 24
[1 1 3 3 4 3 1 4 1 3] 24
[1 1 3 3 4 3 1 4 3 1] 24
[1 1 3 3 4 3 3 1 1 4] 24
[1 1 3 3 4 3 3 1 4 1] 24
[1 1 3 3 4 3 3 4 1 1] 24
[1 1 3 3 4 3 4 1 1 3] 24
[1 1 3 3 4 3 4 1 3 1] 24
[1 1 3 3 4 3 4 3 1 1] 24
[1 1 3 3 4 4 1 1 3 3] 24
[1 1 3 3 4 4 1 3 1 3] 24
[1 1 3 3 4 4 1 3 3 1] 24
[1 1 3 3 4 4 3 1 1 3] 24
[1 1 3 3 4 4 3 1 3 1] 24
[1 1 3 3 4 4 3 3 1 1] 24
[1 1 3 4 3 1 1 3 3 4] 24
[1 1 3 4 3 1 1 3 4 3] 24
[1 1 3 4 3 1 1 4 3 3] 24
[1 1 3 4 3 1 3 1 3 4] 24
[1 1 3 4 3 1 3 1 4 3] 24
[1 1 3 4 3 1 3 3 1 4] 24
[1 1 3 4 3 1 3 3 4 1] 24
[1 1 3 4 3 1 3 4 1 3] 24
[1 1 3 4 3 1 3 4 3 1] 24
[1 1 3 4 3 1 4 1 3 3] 24
[1 1 3 4 3 1 4 3 1 3] 24
[1 1 3 4 3 1 4 3 3 1] 24
[1 1 3 4 3 3 1 1 3 4] 24
[1 1 3 4 3 3 1 1 4 3] 24
[1 1 3 4 3 3 1 3 1 4] 24
[1 1 3 4 3 3 1 3 4 1] 24
[1 1 3 4 3 3 1 4 1 3] 24
[1 1 3 4 3 3 1 4 3 1] 24
[1 1 3 4 3 3 3 1 1 4] 24
[1 1 3 4 3 3 3 1 4 1] 24
[1 1 3 4 3 3 3 4 1 1] 24
[1 1 3 4 3 3 4 1 1 3] 24
[1 1 3 4 3 3 4 1 3 1] 24
[1 1 3 4 3 3 4 3 1 1] 24
[1 1 3 4 3 4 1 1 3 3] 24
[1 1 3 4 3 4 1 3 1 3] 24
[1 1 3 4 3 4 1 3 3 1] 24
[1 1 3 4 3 4 3 1 1 3] 24
[1 1 3 4 3 4 3 1 3 1] 24
[1 1 3 4 3 4 3 3 1 1] 24
[1 1 4 3 3 1 1 3 3 4] 24
[1 1 4 3 3 1 1 3 4 3] 24
[1 1 4 3 3 1 1 4 3 3] 24
[1 1 4 3 3 1 3 1 3 4] 24
[1 1 4 3 3 1 3 1 4 3] 24
[1 1 4 3 3 1 3 3 1 4] 24
[1 1 4 3 3 1 3 3 4 1] 24
[1 1 4 3 3 1 3 4 1 3] 24
[1 1 4 3 3 1 3 4 3 1] 24
[1 1 4 3 3 1 4 1 3 3] 24
[1 1 4 3 3 1 4 3 1 3] 24
[1 1 4 3 3 1 4 3 3 1] 24
[1 1 4 3 3 3 1 1 3 4] 24
[1 1 4 3 3 3 1 1 4 3] 24
[1 1 4 3 3 3 1 3 1 4] 24
[1 1 4 3 3 3 1 3 4 1] 24
[1 1 4 3 3 3 1 4 1 3] 24
[1 1 4 3 3 3 1 4 3 1] 24
[1 1 4 3 3 3 3 1 1 4] 24
[1 1 4 3 3 3 3 1 4 1] 24
[1 1 4 3 3 3 3 4 1 1] 24
[1 1 4 3 3 3 4 1 1 3] 24
[1 1 4 3 3 3 4 1 3 1] 24
[1 1 4 3 3 3 4 3 1 1] 24
[1 1 4 3 3 4 1 1 3 3] 24
[1 1 4 3 3 4 1 3 1 3] 24
[1 1 4 3 3 4 1 3 3 1] 24
[1 1 4 3 3 4 3 1 1 3] 24
[1 1 4 3 3 4 3 1 3 1] 24
[1 1 4 3 3 4 3 3 1 1] 24
[1 3 1 3 4 1 1 3 3 4] 24
[1 3 1 3 4 1 1 3 4 3] 24
[1 3 1 3 4 1 1 4 3 3] 24
[1 3 1 3 4 1 3 1 3 4] 24
[1 3 1 3 4 1 3 1 4 3] 24
[1 3 1 3 4 1 3 3 1 4] 24
[1 3 1 3 4 1 3 3 4 1] 24
[1 3 1 3 4 1 3 4 1 3] 24
[1 3 1 3 4 1 3 4 3 1] 24
[1 3 1 3 4 1 4 1 3 3] 24
[1 3 1 3 4 1 4 3 1 3] 24
[1 3 1 3 4 1 4 3 3 1] 24
[1 3 1 3 4 3 1 1 3 4] 24
[1 3 1 3 4 3 1 1 4 3] 24
[1 3 1 3 4 3 1 3 1 4] 24
[1 3 1 3 4 3 1 3 4 1] 24
[1 3 1 3 4 3 1 4 1 3] 24
[1 3 1 3 4 3 1 4 3 1] 24
[1 3 1 3 4 3 3 1 1 4] 24
[1 3 1 3 4 3 3 1 4 1] 24
[1 3 1 3 4 3 3 4 1 1] 24
[1 3 1 3 4 3 4 1 1 3] 24
[1 3 1 3 4 3 4 1 3 1] 24
[1 3 1 3 4 3 4 3 1 1] 24
[1 3 1 3 4 4 1 1 3 3] 24
[1 3 1 3 4 4 1 3 1 3] 24
[1 3 1 3 4 4 1 3 3 1] 24
[1 3 1 3 4 4 3 1 1 3] 24
[1 3 1 3 4 4 3 1 3 1] 24
[1 3 1 3 4 4 3 3 1 1] 24
[1 3 1 4 3 1 1 3 3 4] 24
[1 3 1 4 3 1 1 3 4 3] 24
[1 3 1 4 3 1 1 4 3 3] 24
[1 3 1 4 3 1 3 1 3 4] 24
[1 3 1 4 3 1 3 1 4 3] 24
[1 3 1 4 3 1 3 3 1 4] 24
[1 3 1 4 3 1 3 3 4 1] 24
[1 3 1 4 3 1 3 4 1 3] 24
[1 3 1 4 3 1 3 4 3 1] 24
[1 3 1 4 3 1 4 1 3 3] 24
[1 3 1 4 3 1 4 3 1 3] 24
[1 3 1 4 3 1 4 3 3 1] 24
[1 3 1 4 3 3 1 1 3 4] 24
[1 3 1 4 3 3 1 1 4 3] 24
[1 3 1 4 3 3 1 3 1 4] 24
[1 3 1 4 3 3 1 3 4 1] 24
[1 3 1 4 3 3 1 4 1 3] 24
[1 3 1 4 3 3 1 4 3 1] 24
[1 3 1 4 3 3 3 1 1 4] 24
[1 3 1 4 3 3 3 1 4 1] 24
[1 3 1 4 3 3 3 4 1 1] 24
[1 3 1 4 3 3 4 1 1 3] 24
[1 3 1 4 3 3 4 1 3 1] 24
[1 3 1 4 3 3 4 3 1 1] 24
[1 3 1 4 3 4 1 1 3 3] 24
[1 3 1 4 3 4 1 3 1 3] 24
[1 3 1 4 3 4 1 3 3 1] 24
[1 3 1 4 3 4 3 1 1 3] 24
[1 3 1 4 3 4 3 1 3 1] 24
[1 3 1 4 3 4 3 3 1 1] 24
[1 3 3 1 4 1 1 3 3 4] 24
[1 3 3 1 4 1 1 3 4 3] 24
[1 3 3 1 4 1 1 4 3 3] 24
[1 3 3 1 4 1 3 1 3 4] 24
[1 3 3 1 4 1 3 1 4 3] 24
[1 3 3 1 4 1 3 3 1 4] 24
[1 3 3 1 4 1 3 3 4 1] 24
[1 3 3 1 4 1 3 4 1 3] 24
[1 3 3 1 4 1 3 4 3 1] 24
[1 3 3 1 4 1 4 1 3 3] 24
[1 3 3 1 4 1 4 3 1 3] 24
[1 3 3 1 4 1 4 3 3 1] 24
[1 3 3 1 4 3 1 1 3 4] 24
[1 3 3 1 4 3 1 1 4 3] 24
[1 3 3 1 4 3 1 3 1 4] 24
[1 3 3 1 4 3 1 3 4 1] 24
[1 3 3 1 4 3 1 4 1 3] 24
[1 3 3 1 4 3 1 4 3 1] 24
[1 3 3 1 4 3 3 1 1 4] 24
[1 3 3 1 4 3 3 1 4 1] 24
[1 3 3 1 4 3 3 4 1 1] 24
[1 3 3 1 4 3 4 1 1 3] 24
[1 3 3 1 4 3 4 1 3 1] 24
[1 3 3 1 4 3 4 3 1 1] 24
[1 3 3 1 4 4 1 1 3 3] 24
[1 3 3 1 4 4 1 3 1 3] 24
[1 3 3 1 4 4 1 3 3 1] 24
[1 3 3 1 4 4 3 1 1 3] 24
[1 3 3 1 4 4 3 1 3 1] 24
[1 3 3 1 4 4 3 3 1 1] 24
[1 3 3 4 1 1 1 3 3 4] 24
[1 3 3 4 1 1 1 3 4 3] 24
[1 3 3 4 1 1 1 4 3 3] 24
[1 3 3 4 1 1 3 1 3 4] 24
[1 3 3 4 1 1 3 1 4 3] 24
[1 3 3 4 1 1 3 3 1 4] 24
[1 3 3 4 1 1 3 3 4 1] 24
[1 3 3 4 1 1 3 4 1 3] 24
[1 3 3 4 1 1 3 4 3 1] 24
[1 3 3 4 1 1 4 1 3 3] 24
[1 3 3 4 1 1 4 3 1 3] 24
[1 3 3 4 1 1 4 3 3 1] 24
[1 3 3 4 1 3 1 1 3 4] 24
[1 3 3 4 1 3 1 1 4 3] 24
[1 3 3 4 1 3 1 3 1 4] 24
[1 3 3 4 1 3 1 3 4 1] 24
[1 3 3 4 1 3 1 4 1 3] 24
[1 3 3 4 1 3 1 4 3 1] 24
[1 3 3 4 1 3 3 1 1 4] 24
[1 3 3 4 1 3 3 1 4 1] 24
[1 3 3 4 1 3 3 4 1 1] 24
[1 3 3 4 1 3 4 1 1 3] 24
[1 3 3 4 1 3 4 1 3 1] 24
[1 3 3 4 1 3 4 3 1 1] 24
[1 3 3 4 1 4 1 1 3 3] 24
[1 3 3 4 1 4 1 3 1 3] 24
[1 3 3 4 1 4 1 3 3 1] 24
[1 3 3 4 1 4 3 1 1 3] 24
[1 3 3 4 1 4 3 1 3 1] 24
[1 3 3 4 1 4 3 3 1 1] 24
[1 3 4 1 3 1 1 3 3 4] 24
[1 3 4 1 3 1 1 3 4 3] 24
[1 3 4 1 3 1 1 4 3 3] 24
[1 3 4 1 3 1 3 1 3 4] 24
[1 3 4 1 3 1 3 1 4 3] 24
[1 3 4 1 3 1 3 3 1 4] 24
[1 3 4 1 3 1 3 3 4 1] 24
[1 3 4 1 3 1 3 4 1 3] 24
[1 3 4 1 3 1 3 4 3 1] 24
[1 3 4 1 3 1 4 1 3 3] 24
[1 3 4 1 3 1 4 3 1 3] 24
[1 3 4 1 3 1 4 3 3 1] 24
[1 3 4 1 3 3 1 1 3 4] 24
[1 3 4 1 3 3 1 1 4 3] 24
[1 3 4 1 3 3 1 3 1 4] 24
[1 3 4 1 3 3 1 3 4 1] 24
[1 3 4 1 3 3 1 4 1 3] 24
[1 3 4 1 3 3 1 4 3 1] 24
[1 3 4 1 3 3 3 1 1 4] 24
[1 3 4 1 3 3 3 1 4 1] 24
[1 3 4 1 3 3 3 4 1 1] 24
[1 3 4 1 3 3 4 1 1 3] 24
[1 3 4 1 3 3 4 1 3 1] 24
[1 3 4 1 3 3 4 3 1 1] 24
[1 3 4 1 3 4 1 1 3 3] 24
[1 3 4 1 3 4 1 3 1 3] 24
[1 3 4 1 3 4 1 3 3 1] 24
[1 3 4 1 3 4 3 1 1 3] 24
[1 3 4 1 3 4 3 1 3 1] 24
[1 3 4 1 3 4 3 3 1 1] 24
[1 3 4 3 1 1 1 3 3 4] 24
[1 3 4 3 1 1 1 3 4 3] 24
[1 3 4 3 1 1 1 4 3 3] 24
[1 3 4 3 1 1 3 1 3 4] 24
[1 3 4 3 1 1 3 1 4 3] 24
[1 3 4 3 1 1 3 3 1 4] 24
[1 3 4 3 1 1 3 3 4 1] 24
[1 3 4 3 1 1 3 4 1 3] 24
[1 3 4 3 1 1 3 4 3 1] 24
[1 3 4 3 1 1 4 1 3 3] 24
[1 3 4 3 1 1 4 3 1 3] 24
[1 3 4 3 1 1 4 3 3 1] 24
[1 3 4 3 1 3 1 1 3 4] 24
[1 3 4 3 1 3 1 1 4 3] 24
[1 3 4 3 1 3 1 3 1 4] 24
[1 3 4 3 1 3 1 3 4 1] 24
[1 3 4 3 1 3 1 4 1 3] 24
[1 3 4 3 1 3 1 4 3 1] 24
[1 3 4 3 1 3 3 1 1 4] 24
[1 3 4 3 1 3 3 1 4 1] 24
[1 3 4 3 1 3 3 4 1 1] 24
[1 3 4 3 1 3 4 1 1 3] 24
[1 3 4 3 1 3 4 1 3 1] 24
[1 3 4 3 1 3 4 3 1 1] 24
[1 3 4 3 1 4 1 1 3 3] 24
[1 3 4 3 1 4 1 3 1 3] 24
[1 3 4 3 1 4 1 3 3 1] 24
[1 3 4 3 1 4 3 1 1 3] 24
[1 3 4 3 1 4 3 1 3 1] 24
[1 3 4 3 1 4 3 3 1 1] 24
[1 4 1 3 3 1 1 3 3 4] 24
[1 4 1 3 3 1 1 3 4 3] 24
[1 4 1 3 3 1 1 4 3 3] 24
[1 4 1 3 3 1 3 1 3 4] 24
[1 4 1 3 3 1 3 1 4 3] 24
[1 4 1 3 3 1 3 3 1 4] 24
[1 4 1 3 3 1 3 3 4 1] 24
[1 4 1 3 3 1 3 4 1 3] 24
[1 4 1 3 3 1 3 4 3 1] 24
[1 4 1 3 3 1 4 1 3 3] 24
[1 4 1 3 3 1 4 3 1 3] 24
[1 4 1 3 3 1 4 3 3 1] 24
[1 4 1 3 3 3 1 1 3 4] 24
[1 4 1 3 3 3 1 1 4 3] 24
[1 4 1 3 3 3 1 3 1 4] 24
[1 4 1 3 3 3 1 3 4 1] 24
[1 4 1 3 3 3 1 4 1 3] 24
[1 4 1 3 3 3 1 4 3 1] 24
[1 4 1 3 3 3 3 1 1 4] 24
[1 4 1 3 3 3 3 1 4 1] 24
[1 4 1 3 3 3 3 4 1 1] 24
[1 4 1 3 3 3 4 1 1 3] 24
[1 4 1 3 3 3 4 1 3 1] 24
[1 4 1 3 3 3 4 3 1 1] 24
[1 4 1 3 3 4 1 1 3 3] 24
[1 4 1 3 3 4 1 3 1 3] 24
[1 4 1 3 3 4 1 3 3 1] 24
[1 4 1 3 3 4 3 1 1 3] 24
[1 4 1 3 3 4 3 1 3 1] 24
[1 4 1 3 3 4 3 3 1 1] 24
[1 4 3 1 3 1 1 3 3 4] 24
[1 4 3 1 3 1 1 3 4 3] 24
[1 4 3 1 3 1 1 4 3 3] 24
[1 4 3 1 3 1 3 1 3 4] 24
[1 4 3 1 3 1 3 1 4 3] 24
[1 4 3 1 3 1 3 3 1 4] 24
[1 4 3 1 3 1 3 3 4 1] 24
[1 4 3 1 3 1 3 4 1 3] 24
[1 4 3 1 3 1 3 4 3 1] 24
[1 4 3 1 3 1 4 1 3 3] 24
[1 4 3 1 3 1 4 3 1 3] 24
[1 4 3 1 3 1 4 3 3 1] 24
[1 4 3 1 3 3 1 1 3 4] 24
[1 4 3 1 3 3 1 1 4 3] 24
[1 4 3 1 3 3 1 3 1 4] 24
[1 4 3 1 3 3 1 3 4 1] 24
[1 4 3 1 3 3 1 4 1 3] 24
[1 4 3 1 3 3 1 4 3 1] 24
[1 4 3 1 3 3 3 1 1 4] 24
[1 4 3 1 3 3 3 1 4 1] 24
[1 4 3 1 3 3 3 4 1 1] 24
[1 4 3 1 3 3 4 1 1 3] 24
[1 4 3 1 3 3 4 1 3 1] 24
[1 4 3 1 3 3 4 3 1 1] 24
[1 4 3 1 3 4 1 1 3 3] 24
[1 4 3 1 3 4 1 3 1 3] 24
[1 4 3 1 3 4 1 3 3 1] 24
[1 4 3 1 3 4 3 1 1 3] 24
[1 4 3 1 3 4 3 1 3 1] 24
[1 4 3 1 3 4 3 3 1 1] 24
[1 4 3 3 1 1 1 3 3 4] 24
[1 4 3 3 1 1 1 3 4 3] 24
[1 4 3 3 1 1 1 4 3 3] 24
[1 4 3 3 1 1 3 1 3 4] 24
[1 4 3 3 1 1 3 1 4 3] 24
[1 4 3 3 1 1 3 3 1 4] 24
[1 4 3 3 1 1 3 3 4 1] 24
[1 4 3 3 1 1 3 4 1 3] 24
[1 4 3 3 1 1 3 4 3 1] 24
[1 4 3 3 1 1 4 1 3 3] 24
[1 4 3 3 1 1 4 3 1 3] 24
[1 4 3 3 1 1 4 3 3 1] 24
[1 4 3 3 1 3 1 1 3 4] 24
[1 4 3 3 1 3 1 1 4 3] 24
[1 4 3 3 1 3 1 3 1 4] 24
[1 4 3 3 1 3 1 3 4 1] 24
[1 4 3 3 1 3 1 4 1 3] 24
[1 4 3 3 1 3 1 4 3 1] 24
[1 4 3 3 1 3 3 1 1 4] 24
[1 4 3 3 1 3 3 1 4 1] 24
[1 4 3 3 1 3 3 4 1 1] 24
[1 4 3 3 1 3 4 1 1 3] 24
[1 4 3 3 1 3 4 1 3 1] 24
[1 4 3 3 1 3 4 3 1 1] 24
[1 4 3 3 1 4 1 1 3 3] 24
[1 4 3 3 1 4 1 3 1 3] 24
[1 4 3 3 1 4 1 3 3 1] 24
[1 4 3 3 1 4 3 1 1 3] 24
[1 4 3 3 1 4 3 1 3 1] 24
[1 4 3 3 1 4 3 3 1 1] 24
[3 1 1 3 4 1 1 3 3 4] 24
[3 1 1 3 4 1 1 3 4 3] 24
[3 1 1 3 4 1 1 4 3 3] 24
[3 1 1 3 4 1 3 1 3 4] 24
[3 1 1 3 4 1 3 1 4 3] 24
[3 1 1 3 4 1 3 3 1 4] 24
[3 1 1 3 4 1 3 3 4 1] 24
[3 1 1 3 4 1 3 4 1 3] 24
[3 1 1 3 4 1 3 4 3 1] 24
[3 1 1 3 4 1 4 1 3 3] 24
[3 1 1 3 4 1 4 3 1 3] 24
[3 1 1 3 4 1 4 3 3 1] 24
[3 1 1 3 4 3 1 1 3 4] 24
[3 1 1 3 4 3 1 1 4 3] 24
[3 1 1 3 4 3 1 3 1 4] 24
[3 1 1 3 4 3 1 3 4 1] 24
[3 1 1 3 4 3 1 4 1 3] 24
[3 1 1 3 4 3 1 4 3 1] 24
[3 1 1 3 4 3 3 1 1 4] 24
[3 1 1 3 4 3 3 1 4 1] 24
[3 1 1 3 4 3 3 4 1 1] 24
[3 1 1 3 4 3 4 1 1 3] 24
[3 1 1 3 4 3 4 1 3 1] 24
[3 1 1 3 4 3 4 3 1 1] 24
[3 1 1 3 4 4 1 1 3 3] 24
[3 1 1 3 4 4 1 3 1 3] 24
[3 1 1 3 4 4 1 3 3 1] 24
[3 1 1 3 4 4 3 1 1 3] 24
[3 1 1 3 4 4 3 1 3 1] 24
[3 1 1 3 4 4 3 3 1 1] 24
[3 1 1 4 3 1 1 3 3 4] 24
[3 1 1 4 3 1 1 3 4 3] 24
[3 1 1 4 3 1 1 4 3 3] 24
[3 1 1 4 3 1 3 1 3 4] 24
[3 1 1 4 3 1 3 1 4 3] 24
[3 1 1 4 3 1 3 3 1 4] 24
[3 1 1 4 3 1 3 3 4 1] 24
[3 1 1 4 3 1 3 4 1 3] 24
[3 1 1 4 3 1 3 4 3 1] 24
[3 1 1 4 3 1 4 1 3 3] 24
[3 1 1 4 3 1 4 3 1 3] 24
[3 1 1 4 3 1 4 3 3 1] 24
[3 1 1 4 3 3 1 1 3 4] 24
[3 1 1 4 3 3 1 1 4 3] 24
[3 1 1 4 3 3 1 3 1 4] 24
[3 1 1 4 3 3 1 3 4 1] 24
[3 1 1 4 3 3 1 4 1 3] 24
[3 1 1 4 3 3 1 4 3 1] 24
[3 1 1 4 3 3 3 1 1 4] 24
[3 1 1 4 3 3 3 1 4 1] 24
[3 1 1 4 3 3 3 4 1 1] 24
[3 1 1 4 3 3 4 1 1 3] 24
[3 1 1 4 3 3 4 1 3 1] 24
[3 1 1 4 3 3 4 3 1 1] 24
[3 1 1 4 3 4 1 1 3 3] 24
[3 1 1 4 3 4 1 3 1 3] 24
[3 1 1 4 3 4 1 3 3 1] 24
[3 1 1 4 3 4 3 1 1 3] 24
[3 1 1 4 3 4 3 1 3 1] 24
[3 1 1 4 3 4 3 3 1 1] 24
[3 1 3 1 4 1 1 3 3 4] 24
[3 1 3 1 4 1 1 3 4 3] 24
[3 1 3 1 4 1 1 4 3 3] 24
[3 1 3 1 4 1 3 1 3 4] 24
[3 1 3 1 4 1 3 1 4 3] 24
[3 1 3 1 4 1 3 3 1 4] 24
[3 1 3 1 4 1 3 3 4 1] 24
[3 1 3 1 4 1 3 4 1 3] 24
[3 1 3 1 4 1 3 4 3 1] 24
[3 1 3 1 4 1 4 1 3 3] 24
[3 1 3 1 4 1 4 3 1 3] 24
[3 1 3 1 4 1 4 3 3 1] 24
[3 1 3 1 4 3 1 1 3 4] 24
[3 1 3 1 4 3 1 1 4 3] 24
[3 1 3 1 4 3 1 3 1 4] 24
[3 1 3 1 4 3 1 3 4 1] 24
[3 1 3 1 4 3 1 4 1 3] 24
[3 1 3 1 4 3 1 4 3 1] 24
[3 1 3 1 4 3 3 1 1 4] 24
[3 1 3 1 4 3 3 1 4 1] 24
[3 1 3 1 4 3 3 4 1 1] 24
[3 1 3 1 4 3 4 1 1 3] 24
[3 1 3 1 4 3 4 1 3 1] 24
[3 1 3 1 4 3 4 3 1 1] 24
[3 1 3 1 4 4 1 1 3 3] 24
[3 1 3 1 4 4 1 3 1 3] 24
[3 1 3 1 4 4 1 3 3 1] 24
[3 1 3 1 4 4 3 1 1 3] 24
[3 1 3 1 4 4 3 1 3 1] 24
[3 1 3 1 4 4 3 3 1 1] 24
[3 1 3 4 1 1 1 3 3 4] 24
[3 1 3 4 1 1 1 3 4 3] 24
[3 1 3 4 1 1 1 4 3 3] 24
[3 1 3 4 1 1 3 1 3 4] 24
[3 1 3 4 1 1 3 1 4 3] 24
[3 1 3 4 1 1 3 3 1 4] 24
[3 1 3 4 1 1 3 3 4 1] 24
[3 1 3 4 1 1 3 4 1 3] 24
[3 1 3 4 1 1 3 4 3 1] 24
[3 1 3 4 1 1 4 1 3 3] 24
[3 1 3 4 1 1 4 3 1 3] 24
[3 1 3 4 1 1 4 3 3 1] 24
[3 1 3 4 1 3 1 1 3 4] 24
[3 1 3 4 1 3 1 1 4 3] 24
[3 1 3 4 1 3 1 3 1 4] 24
[3 1 3 4 1 3 1 3 4 1] 24
[3 1 3 4 1 3 1 4 1 3] 24
[3 1 3 4 1 3 1 4 3 1] 24
[3 1 3 4 1 3 3 1 1 4] 24
[3 1 3 4 1 3 3 1 4 1] 24
[3 1 3 4 1 3 3 4 1 1] 24
[3 1 3 4 1 3 4 1 1 3] 24
[3 1 3 4 1 3 4 1 3 1] 24
[3 1 3 4 1 3 4 3 1 1] 24
[3 1 3 4 1 4 1 1 3 3] 24
[3 1 3 4 1 4 1 3 1 3] 24
[3 1 3 4 1 4 1 3 3 1] 24
[3 1 3 4 1 4 3 1 1 3] 24
[3 1 3 4 1 4 3 1 3 1] 24
[3 1 3 4 1 4 3 3 1 1] 24
[3 1 4 1 3 1 1 3 3 4] 24
[3 1 4 1 3 1 1 3 4 3] 24
[3 1 4 1 3 1 1 4 3 3] 24
[3 1 4 1 3 1 3 1 3 4] 24
[3 1 4 1 3 1 3 1 4 3] 24
[3 1 4 1 3 1 3 3 1 4] 24
[3 1 4 1 3 1 3 3 4 1] 24
[3 1 4 1 3 1 3 4 1 3] 24
[3 1 4 1 3 1 3 4 3 1] 24
[3 1 4 1 3 1 4 1 3 3] 24
[3 1 4 1 3 1 4 3 1 3] 24
[3 1 4 1 3 1 4 3 3 1] 24
[3 1 4 1 3 3 1 1 3 4] 24
[3 1 4 1 3 3 1 1 4 3] 24
[3 1 4 1 3 3 1 3 1 4] 24
[3 1 4 1 3 3 1 3 4 1] 24
[3 1 4 1 3 3 1 4 1 3] 24
[3 1 4 1 3 3 1 4 3 1] 24
[3 1 4 1 3 3 3 1 1 4] 24
[3 1 4 1 3 3 3 1 4 1] 24
[3 1 4 1 3 3 3 4 1 1] 24
[3 1 4 1 3 3 4 1 1 3] 24
[3 1 4 1 3 3 4 1 3 1] 24
[3 1 4 1 3 3 4 3 1 1] 24
[3 1 4 1 3 4 1 1 3 3] 24
[3 1 4 1 3 4 1 3 1 3] 24
[3 1 4 1 3 4 1 3 3 1] 24
[3 1 4 1 3 4 3 1 1 3] 24
[3 1 4 1 3 4 3 1 3 1] 24
[3 1 4 1 3 4 3 3 1 1] 24
[3 1 4 3 1 1 1 3 3 4] 24
[3 1 4 3 1 1 1 3 4 3] 24
[3 1 4 3 1 1 1 4 3 3] 24
[3 1 4 3 1 1 3 1 3 4] 24
[3 1 4 3 1 1 3 1 4 3] 24
[3 1 4 3 1 1 3 3 1 4] 24
[3 1 4 3 1 1 3 3 4 1] 24
[3 1 4 3 1 1 3 4 1 3] 24
[3 1 4 3 1 1 3 4 3 1] 24
[3 1 4 3 1 1 4 1 3 3] 24
[3 1 4 3 1 1 4 3 1 3] 24
[3 1 4 3 1 1 4 3 3 1] 24
[3 1 4 3 1 3 1 1 3 4] 24
[3 1 4 3 1 3 1 1 4 3] 24
[3 1 4 3 1 3 1 3 1 4] 24
[3 1 4 3 1 3 1 3 4 1] 24
[3 1 4 3 1 3 1 4 1 3] 24
[3 1 4 3 1 3 1 4 3 1] 24
[3 1 4 3 1 3 3 1 1 4] 24
[3 1 4 3 1 3 3 1 4 1] 24
[3 1 4 3 1 3 3 4 1 1] 24
[3 1 4 3 1 3 4 1 1 3] 24
[3 1 4 3 1 3 4 1 3 1] 24
[3 1 4 3 1 3 4 3 1 1] 24
[3 1 4 3 1 4 1 1 3 3] 24
[3 1 4 3 1 4 1 3 1 3] 24
[3 1 4 3 1 4 1 3 3 1] 24
[3 1 4 3 1 4 3 1 1 3] 24
[3 1 4 3 1 4 3 1 3 1] 24
[3 1 4 3 1 4 3 3 1 1] 24
[3 3 1 1 4 1 1 3 3 4] 24
[3 3 1 1 4 1 1 3 4 3] 24
[3 3 1 1 4 1 1 4 3 3] 24
[3 3 1 1 4 1 3 1 3 4] 24
[3 3 1 1 4 1 3 1 4 3] 24
[3 3 1 1 4 1 3 3 1 4] 24
[3 3 1 1 4 1 3 3 4 1] 24
[3 3 1 1 4 1 3 4 1 3] 24
[3 3 1 1 4 1 3 4 3 1] 24
[3 3 1 1 4 1 4 1 3 3] 24
[3 3 1 1 4 1 4 3 1 3] 24
[3 3 1 1 4 1 4 3 3 1] 24
[3 3 1 1 4 3 1 1 3 4] 24
[3 3 1 1 4 3 1 1 4 3] 24
[3 3 1 1 4 3 1 3 1 4] 24
[3 3 1 1 4 3 1 3 4 1] 24
[3 3 1 1 4 3 1 4 1 3] 24
[3 3 1 1 4 3 1 4 3 1] 24
[3 3 1 1 4 3 3 1 1 4] 24
[3 3 1 1 4 3 3 1 4 1] 24
[3 3 1 1 4 3 3 4 1 1] 24
[3 3 1 1 4 3 4 1 1 3] 24
[3 3 1 1 4 3 4 1 3 1] 24
[3 3 1 1 4 3 4 3 1 1] 24
[3 3 1 1 4 4 1 1 3 3] 24
[3 3 1 1 4 4 1 3 1 3] 24
[3 3 1 1 4 4 1 3 3 1] 24
[3 3 1 1 4 4 3 1 1 3] 24
[3 3 1 1 4 4 3 1 3 1] 24
[3 3 1 1 4 4 3 3 1 1] 24
[3 3 1 4 1 1 1 3 3 4] 24
[3 3 1 4 1 1 1 3 4 3] 24
[3 3 1 4 1 1 1 4 3 3] 24
[3 3 1 4 1 1 3 1 3 4] 24
[3 3 1 4 1 1 3 1 4 3] 24
[3 3 1 4 1 1 3 3 1 4] 24
[3 3 1 4 1 1 3 3 4 1] 24
[3 3 1 4 1 1 3 4 1 3] 24
[3 3 1 4 1 1 3 4 3 1] 24
[3 3 1 4 1 1 4 1 3 3] 24
[3 3 1 4 1 1 4 3 1 3] 24
[3 3 1 4 1 1 4 3 3 1] 24
[3 3 1 4 1 3 1 1 3 4] 24
[3 3 1 4 1 3 1 1 4 3] 24
[3 3 1 4 1 3 1 3 1 4] 24
[3 3 1 4 1 3 1 3 4 1] 24
[3 3 1 4 1 3 1 4 1 3] 24
[3 3 1 4 1 3 1 4 3 1] 24
[3 3 1 4 1 3 3 1 1 4] 24
[3 3 1 4 1 3 3 1 4 1] 24
[3 3 1 4 1 3 3 4 1 1] 24
[3 3 1 4 1 3 4 1 1 3] 24
[3 3 1 4 1 3 4 1 3 1] 24
[3 3 1 4 1 3 4 3 1 1] 24
[3 3 1 4 1 4 1 1 3 3] 24
[3 3 1 4 1 4 1 3 1 3] 24
[3 3 1 4 1 4 1 3 3 1] 24
[3 3 1 4 1 4 3 1 1 3] 24
[3 3 1 4 1 4 3 1 3 1] 24
[3 3 1 4 1 4 3 3 1 1] 24
[3 3 4 1 1 1 1 3 3 4] 24
[3 3 4 1 1 1 1 3 4 3] 24
[3 3 4 1 1 1 1 4 3 3] 24
[3 3 4 1 1 1 3 1 3 4] 24
[3 3 4 1 1 1 3 1 4 3] 24
[3 3 4 1 1 1 3 3 1 4] 24
[3 3 4 1 1 1 3 3 4 1] 24
[3 3 4 1 1 1 3 4 1 3] 24
[3 3 4 1 1 1 3 4 3 1] 24
[3 3 4 1 1 1 4 1 3 3] 24
[3 3 4 1 1 1 4 3 1 3] 24
[3 3 4 1 1 1 4 3 3 1] 24
[3 3 4 1 1 3 1 1 3 4] 24
[3 3 4 1 1 3 1 1 4 3] 24
[3 3 4 1 1 3 1 3 1 4] 24
[3 3 4 1 1 3 1 3 4 1] 24
[3 3 4 1 1 3 1 4 1 3] 24
[3 3 4 1 1 3 1 4 3 1] 24
[3 3 4 1 1 3 3 1 1 4] 24
[3 3 4 1 1 3 3 1 4 1] 24
[3 3 4 1 1 3 3 4 1 1] 24
[3 3 4 1 1 3 4 1 1 3] 24
[3 3 4 1 1 3 4 1 3 1] 24
[3 3 4 1 1 3 4 3 1 1] 24
[3 3 4 1 1 4 1 1 3 3] 24
[3 3 4 1 1 4 1 3 1 3] 24
[3 3 4 1 1 4 1 3 3 1] 24
[3 3 4 1 1 4 3 1 1 3] 24
[3 3 4 1 1 4 3 1 3 1] 24
[3 3 4 1 1 4 3 3 1 1] 24
[3 4 1 1 3 1 1 3 3 4] 24
[3 4 1 1 3 1 1 3 4 3] 24
[3 4 1 1 3 1 1 4 3 3] 24
[3 4 1 1 3 1 3 1 3 4] 24
[3 4 1 1 3 1 3 1 4 3] 24
[3 4 1 1 3 1 3 3 1 4] 24
[3 4 1 1 3 1 3 3 4 1] 24
[3 4 1 1 3 1 3 4 1 3] 24
[3 4 1 1 3 1 3 4 3 1] 24
[3 4 1 1 3 1 4 1 3 3] 24
[3 4 1 1 3 1 4 3 1 3] 24
[3 4 1 1 3 1 4 3 3 1] 24
[3 4 1 1 3 3 1 1 3 4] 24
[3 4 1 1 3 3 1 1 4 3] 24
[3 4 1 1 3 3 1 3 1 4] 24
[3 4 1 1 3 3 1 3 4 1] 24
[3 4 1 1 3 3 1 4 1 3] 24
[3 4 1 1 3 3 1 4 3 1] 24
[3 4 1 1 3 3 3 1 1 4] 24
[3 4 1 1 3 3 3 1 4 1] 24
[3 4 1 1 3 3 3 4 1 1] 24
[3 4 1 1 3 3 4 1 1 3] 24
[3 4 1 1 3 3 4 1 3 1] 24
[3 4 1 1 3 3 4 3 1 1] 24
[3 4 1 1 3 4 1 1 3 3] 24
[3 4 1 1 3 4 1 3 1 3] 24
[3 4 1 1 3 4 1 3 3 1] 24
[3 4 1 1 3 4 3 1 1 3] 24
[3 4 1 1 3 4 3 1 3 1] 24
[3 4 1 1 3 4 3 3 1 1] 24
[3 4 1 3 1 1 1 3 3 4] 24
[3 4 1 3 1 1 1 3 4 3] 24
[3 4 1 3 1 1 1 4 3 3] 24
[3 4 1 3 1 1 3 1 3 4] 24
[3 4 1 3 1 1 3 1 4 3] 24
[3 4 1 3 1 1 3 3 1 4] 24
[3 4 1 3 1 1 3 3 4 1] 24
[3 4 1 3 1 1 3 4 1 3] 24
[3 4 1 3 1 1 3 4 3 1] 24
[3 4 1 3 1 1 4 1 3 3] 24
[3 4 1 3 1 1 4 3 1 3] 24
[3 4 1 3 1 1 4 3 3 1] 24
[3 4 1 3 1 3 1 1 3 4] 24
[3 4 1 3 1 3 1 1 4 3] 24
[3 4 1 3 1 3 1 3 1 4] 24
[3 4 1 3 1 3 1 3 4 1] 24
[3 4 1 3 1 3 1 4 1 3] 24
[3 4 1 3 1 3 1 4 3 1] 24
[3 4 1 3 1 3 3 1 1 4] 24
[3 4 1 3 1 3 3 1 4 1] 24
[3 4 1 3 1 3 3 4 1 1] 24
[3 4 1 3 1 3 4 1 1 3] 24
[3 4 1 3 1 3 4 1 3 1] 24
[3 4 1 3 1 3 4 3 1 1] 24
[3 4 1 3 1 4 1 1 3 3] 24
[3 4 1 3 1 4 1 3 1 3] 24
[3 4 1 3 1 4 1 3 3 1] 24
[3 4 1 3 1 4 3 1 1 3] 24
[3 4 1 3 1 4 3 1 3 1] 24
[3 4 1 3 1 4 3 3 1 1] 24
[3 4 3 1 1 1 1 3 3 4] 24
[3 4 3 1 1 1 1 3 4 3] 24
[3 4 3 1 1 1 1 4 3 3] 24
[3 4 3 1 1 1 3 1 3 4] 24
[3 4 3 1 1 1 3 1 4 3] 24
[3 4 3 1 1 1 3 3 1 4] 24
[3 4 3 1 1 1 3 3 4 1] 24
[3 4 3 1 1 1 3 4 1 3] 24
[3 4 3 1 1 1 3 4 3 1] 24
[3 4 3 1 1 1 4 1 3 3] 24
[3 4 3 1 1 1 4 3 1 3] 24
[3 4 3 1 1 1 4 3 3 1] 24
[3 4 3 1 1 3 1 1 3 4] 24
[3 4 3 1 1 3 1 1 4 3] 24
[3 4 3 1 1 3 1 3 1 4] 24
[3 4 3 1 1 3 1 3 4 1] 24
[3 4 3 1 1 3 1 4 1 3] 24
[3 4 3 1 1 3 1 4 3 1] 24
[3 4 3 1 1 3 3 1 1 4] 24
[3 4 3 1 1 3 3 1 4 1] 24
[3 4 3 1 1 3 3 4 1 1] 24
[3 4 3 1 1 3 4 1 1 3] 24
[3 4 3 1 1 3 4 1 3 1] 24
[3 4 3 1 1 3 4 3 1 1] 24
[3 4 3 1 1 4 1 1 3 3] 24
[3 4 3 1 1 4 1 3 1 3] 24
[3 4 3 1 1 4 1 3 3 1] 24
[3 4 3 1 1 4 3 1 1 3] 24
[3 4 3 1 1 4 3 1 3 1] 24
[3 4 3 1 1 4 3 3 1 1] 24
[4 1 1 3 3 1 1 3 3 4] 24
[4 1 1 3 3 1 1 3 4 3] 24
[4 1 1 3 3 1 1 4 3 3] 24
[4 1 1 3 3 1 3 1 3 4] 24
[4 1 1 3 3 1 3 1 4 3] 24
[4 1 1 3 3 1 3 3 1 4] 24
[4 1 1 3 3 1 3 3 4 1] 24
[4 1 1 3 3 1 3 4 1 3] 24
[4 1 1 3 3 1 3 4 3 1] 24
[4 1 1 3 3 1 4 1 3 3] 24
[4 1 1 3 3 1 4 3 1 3] 24
[4 1 1 3 3 1 4 3 3 1] 24
[4 1 1 3 3 3 1 1 3 4] 24
[4 1 1 3 3 3 1 1 4 3] 24
[4 1 1 3 3 3 1 3 1 4] 24
[4 1 1 3 3 3 1 3 4 1] 24
[4 1 1 3 3 3 1 4 1 3] 24
[4 1 1 3 3 3 1 4 3 1] 24
[4 1 1 3 3 3 3 1 1 4] 24
[4 1 1 3 3 3 3 1 4 1] 24
[4 1 1 3 3 3 3 4 1 1] 24
[4 1 1 3 3 3 4 1 1 3] 24
[4 1 1 3 3 3 4 1 3 1] 24
[4 1 1 3 3 3 4 3 1 1] 24
[4 1 1 3 3 4 1 1 3 3] 24
[4 1 1 3 3 4 1 3 1 3] 24
[4 1 1 3 3 4 1 3 3 1] 24
[4 1 1 3 3 4 3 1 1 3] 24
[4 1 1 3 3 4 3 1 3 1] 24
[4 1 1 3 3 4 3 3 1 1] 24
[4 1 3 1 3 1 1 3 3 4] 24
[4 1 3 1 3 1 1 3 4 3] 24
[4 1 3 1 3 1 1 4 3 3] 24
[4 1 3 1 3 1 3 1 3 4] 24
[4 1 3 1 3 1 3 1 4 3] 24
[4 1 3 1 3 1 3 3 1 4] 24
[4 1 3 1 3 1 3 3 4 1] 24
[4 1 3 1 3 1 3 4 1 3] 24
[4 1 3 1 3 1 3 4 3 1] 24
[4 1 3 1 3 1 4 1 3 3] 24
[4 1 3 1 3 1 4 3 1 3] 24
[4 1 3 1 3 1 4 3 3 1] 24
[4 1 3 1 3 3 1 1 3 4] 24
[4 1 3 1 3 3 1 1 4 3] 24
[4 1 3 1 3 3 1 3 1 4] 24
[4 1 3 1 3 3 1 3 4 1] 24
[4 1 3 1 3 3 1 4 1 3] 24
[4 1 3 1 3 3 1 4 3 1] 24
[4 1 3 1 3 3 3 1 1 4] 24
[4 1 3 1 3 3 3 1 4 1] 24
[4 1 3 1 3 3 3 4 1 1] 24
[4 1 3 1 3 3 4 1 1 3] 24
[4 1 3 1 3 3 4 1 3 1] 24
[4 1 3 1 3 3 4 3 1 1] 24
[4 1 3 1 3 4 1 1 3 3] 24
[4 1 3 1 3 4 1 3 1 3] 24
[4 1 3 1 3 4 1 3 3 1] 24
[4 1 3 1 3 4 3 1 1 3] 24
[4 1 3 1 3 4 3 1 3 1] 24
[4 1 3 1 3 4 3 3 1 1] 24
[4 1 3 3 1 1 1 3 3 4] 24
[4 1 3 3 1 1 1 3 4 3] 24
[4 1 3 3 1 1 1 4 3 3] 24
[4 1 3 3 1 1 3 1 3 4] 24
[4 1 3 3 1 1 3 1 4 3] 24
[4 1 3 3 1 1 3 3 1 4] 24
[4 1 3 3 1 1 3 3 4 1] 24
[4 1 3 3 1 1 3 4 1 3] 24
[4 1 3 3 1 1 3 4 3 1] 24
[4 1 3 3 1 1 4 1 3 3] 24
[4 1 3 3 1 1 4 3 1 3] 24
[4 1 3 3 1 1 4 3 3 1] 24
[4 1 3 3 1 3 1 1 3 4] 24
[4 1 3 3 1 3 1 1 4 3] 24
[4 1 3 3 1 3 1 3 1 4] 24
[4 1 3 3 1 3 1 3 4 1] 24
[4 1 3 3 1 3 1 4 1 3] 24
[4 1 3 3 1 3 1 4 3 1] 24
[4 1 3 3 1 3 3 1 1 4] 24
[4 1 3 3 1 3 3 1 4 1] 24
[4 1 3 3 1 3 3 4 1 1] 24
[4 1 3 3 1 3 4 1 1 3] 24
[4 1 3 3 1 3 4 1 3 1] 24
[4 1 3 3 1 3 4 3 1 1] 24
[4 1 3 3 1 4 1 1 3 3] 24
[4 1 3 3 1 4 1 3 1 3] 24
[4 1 3 3 1 4 1 3 3 1] 24
[4 1 3 3 1 4 3 1 1 3] 24
[4 1 3 3 1 4 3 1 3 1] 24
[4 1 3 3 1 4 3 3 1 1] 24
[4 3 1 1 3 1 1 3 3 4] 24
[4 3 1 1 3 1 1 3 4 3] 24
[4 3 1 1 3 1 1 4 3 3] 24
[4 3 1 1 3 1 3 1 3 4] 24
[4 3 1 1 3 1 3 1 4 3] 24
[4 3 1 1 3 1 3 3 1 4] 24
[4 3 1 1 3 1 3 3 4 1] 24
[4 3 1 1 3 1 3 4 1 3] 24
[4 3 1 1 3 1 3 4 3 1] 24
[4 3 1 1 3 1 4 1 3 3] 24
[4 3 1 1 3 1 4 3 1 3] 24
[4 3 1 1 3 1 4 3 3 1] 24
[4 3 1 1 3 3 1 1 3 4] 24
[4 3 1 1 3 3 1 1 4 3] 24
[4 3 1 1 3 3 1 3 1 4] 24
[4 3 1 1 3 3 1 3 4 1] 24
[4 3 1 1 3 3 1 4 1 3] 24
[4 3 1 1 3 3 1 4 3 1] 24
[4 3 1 1 3 3 3 1 1 4] 24
[4 3 1 1 3 3 3 1 4 1] 24
[4 3 1 1 3 3 3 4 1 1] 24
[4 3 1 1 3 3 4 1 1 3] 24
[4 3 1 1 3 3 4 1 3 1] 24
[4 3 1 1 3 3 4 3 1 1] 24
[4 3 1 1 3 4 1 1 3 3] 24
[4 3 1 1 3 4 1 3 1 3] 24
[4 3 1 1 3 4 1 3 3 1] 24
[4 3 1 1 3 4 3 1 1 3] 24
[4 3 1 1 3 4 3 1 3 1] 24
[4 3 1 1 3 4 3 3 1 1] 24
[4 3 1 3 1 1 1 3 3 4] 24
[4 3 1 3 1 1 1 3 4 3] 24
[4 3 1 3 1 1 1 4 3 3] 24
[4 3 1 3 1 1 3 1 3 4] 24
[4 3 1 3 1 1 3 1 4 3] 24
[4 3 1 3 1 1 3 3 1 4] 24
[4 3 1 3 1 1 3 3 4 1] 24
[4 3 1 3 1 1 3 4 1 3] 24
[4 3 1 3 1 1 3 4 3 1] 24
[4 3 1 3 1 1 4 1 3 3] 24
[4 3 1 3 1 1 4 3 1 3] 24
[4 3 1 3 1 1 4 3 3 1] 24
[4 3 1 3 1 3 1 1 3 4] 24
[4 3 1 3 1 3 1 1 4 3] 24
[4 3 1 3 1 3 1 3 1 4] 24
[4 3 1 3 1 3 1 3 4 1] 24
[4 3 1 3 1 3 1 4 1 3] 24
[4 3 1 3 1 3 1 4 3 1] 24
[4 3 1 3 1 3 3 1 1 4] 24
[4 3 1 3 1 3 3 1 4 1] 24
[4 3 1 3 1 3 3 4 1 1] 24
[4 3 1 3 1 3 4 1 1 3] 24
[4 3 1 3 1 3 4 1 3 1] 24
[4 3 1 3 1 3 4 3 1 1] 24
[4 3 1 3 1 4 1 1 3 3] 24
[4 3 1 3 1 4 1 3 1 3] 24
[4 3 1 3 1 4 1 3 3 1] 24
[4 3 1 3 1 4 3 1 1 3] 24
[4 3 1 3 1 4 3 1 3 1] 24
[4 3 1 3 1 4 3 3 1 1] 24
[4 3 3 1 1 1 1 3 3 4] 24
[4 3 3 1 1 1 1 3 4 3] 24
[4 3 3 1 1 1 1 4 3 3] 24
[4 3 3 1 1 1 3 1 3 4] 24
[4 3 3 1 1 1 3 1 4 3] 24
[4 3 3 1 1 1 3 3 1 4] 24
[4 3 3 1 1 1 3 3 4 1] 24
[4 3 3 1 1 1 3 4 1 3] 24
[4 3 3 1 1 1 3 4 3 1] 24
[4 3 3 1 1 1 4 1 3 3] 24
[4 3 3 1 1 1 4 3 1 3] 24
[4 3 3 1 1 1 4 3 3 1] 24
[4 3 3 1 1 3 1 1 3 4] 24
[4 3 3 1 1 3 1 1 4 3] 24
[4 3 3 1 1 3 1 3 1 4] 24
[4 3 3 1 1 3 1 3 4 1] 24
[4 3 3 1 1 3 1 4 1 3] 24
[4 3 3 1 1 3 1 4 3 1] 24
[4 3 3 1 1 3 3 1 1 4] 24
[4 3 3 1 1 3 3 1 4 1] 24
[4 3 3 1 1 3 3 4 1 1] 24
[4 3 3 1 1 3 4 1 1 3] 24
[4 3 3 1 1 3 4 1 3 1] 24
[4 3 3 1 1 3 4 3 1 1] 24
[4 3 3 1 1 4 1 1 3 3] 24
[4 3 3 1 1 4 1 3 1 3] 24
[4 3 3 1 1 4 1 3 3 1] 24
[4 3 3 1 1 4 3 1 1 3] 24
[4 3 3 1 1 4 3 1 3 1] 24
[4 3 3 1 1 4 3 3 1 1] 24
[1 2 2 4 4 1 2 2 4 4] 26
[1 2 2 4 4 1 2 4 2 4] 26
[1 2 2 4 4 1 2 4 4 2] 26
[1 2 2 4 4 1 4 2 2 4] 26
[1 2 2 4 4 1 4 2 4 2] 26
[1 2 2 4 4 1 4 4 2 2] 26
[1 2 2 4 4 2 1 2 4 4] 26
[1 2 2 4 4 2 1 4 2 4] 26
[1 2 2 4 4 2 1 4 4 2] 26
[1 2 2 4 4 2 2 1 4 4] 26
[1 2 2 4 4 2 2 4 1 4] 26
[1 2 2 4 4 2 2 4 4 1] 26
[1 2 2 4 4 2 4 1 2 4] 26
[1 2 2 4 4 2 4 1 4 2] 26
[1 2 2 4 4 2 4 2 1 4] 26
[1 2 2 4 4 2 4 2 4 1] 26
[1 2 2 4 4 2 4 4 1 2] 26
[1 2 2 4 4 2 4 4 2 1] 26
[1 2 2 4 4 4 1 2 2 4] 26
[1 2 2 4 4 4 1 2 4 2] 26
[1 2 2 4 4 4 1 4 2 2] 26
[1 2 2 4 4 4 2 1 2 4] 26
[1 2 2 4 4 4 2 1 4 2] 26
[1 2 2 4 4 4 2 2 1 4] 26
[1 2 2 4 4 4 2 2 4 1] 26
[1 2 2 4 4 4 2 4 1 2] 26
[1 2 2 4 4 4 2 4 2 1] 26
[1 2 2 4 4 4 4 1 2 2] 26
[1 2 2 4 4 4 4 2 1 2] 26
[1 2 2 4 4 4 4 2 2 1] 26
[1 2 4 2 4 1 2 2 4 4] 26
[1 2 4 2 4 1 2 4 2 4] 26
[1 2 4 2 4 1 2 4 4 2] 26
[1 2 4 2 4 1 4 2 2 4] 26
[1 2 4 2 4 1 4 2 4 2] 26
[1 2 4 2 4 1 4 4 2 2] 26
[1 2 4 2 4 2 1 2 4 4] 26
[1 2 4 2 4 2 1 4 2 4] 26
[1 2 4 2 4 2 1 4 4 2] 26
[1 2 4 2 4 2 2 1 4 4] 26
[1 2 4 2 4 2 2 4 1 4] 26
[1 2 4 2 4 2 2 4 4 1] 26
[1 2 4 2 4 2 4 1 2 4] 26
[1 2 4 2 4 2 4 1 4 2] 26
[1 2 4 2 4 2 4 2 1 4] 26
[1 2 4 2 4 2 4 2 4 1] 26
[1 2 4 2 4 2 4 4 1 2] 26
[1 2 4 2 4 2 4 4 2 1] 26
[1 2 4 2 4 4 1 2 2 4] 26
[1 2 4 2 4 4 1 2 4 2] 26
[1 2 4 2 4 4 1 4 2 2] 26
[1 2 4 2 4 4 2 1 2 4] 26
[1 2 4 2 4 4 2 1 4 2] 26
[1 2 4 2 4 4 2 2 1 4] 26
[1 2 4 2 4 4 2 2 4 1] 26
[1 2 4 2 4 4 2 4 1 2] 26
[1 2 4 2 4 4 2 4 2 1] 26
[1 2 4 2 4 4 4 1 2 2] 26
[1 2 4 2 4 4 4 2 1 2] 26
[1 2 4 2 4 4 4 2 2 1] 26
[1 2 4 4 2 1 2 2 4 4] 26
[1 2 4 4 2 1 2 4 2 4] 26
[1 2 4 4 2 1 2 4 4 2] 26
[1 2 4 4 2 1 4 2 2 4] 26
[1 2 4 4 2 1 4 2 4 2] 26
[1 2 4 4 2 1 4 4 2 2] 26
[1 2 4 4 2 2 1 2 4 4] 26
[1 2 4 4 2 2 1 4 2 4] 26
[1 2 4 4 2 2 1 4 4 2] 26
[1 2 4 4 2 2 2 1 4 4] 26
[1 2 4 4 2 2 2 4 1 4] 26
[1 2 4 4 2 2 2 4 4 1] 26
[1 2 4 4 2 2 4 1 2 4] 26
[1 2 4 4 2 2 4 1 4 2] 26
[1 2 4 4 2 2 4 2 1 4] 26
[1 2 4 4 2 2 4 2 4 1] 26
[1 2 4 4 2 2 4 4 1 2] 26
[1 2 4 4 2 2 4 4 2 1] 26
[1 2 4 4 2 4 1 2 2 4] 26
[1 2 4 4 2 4 1 2 4 2] 26
[1 2 4 4 2 4 1 4 2 2] 26
[1 2 4 4 2 4 2 1 2 4] 26
[1 2 4 4 2 4 2 1 4 2] 26
[1 2 4 4 2 4 2 2 1 4] 26
[1 2 4 4 2 4 2 2 4 1] 26
[1 2 4 4 2 4 2 4 1 2] 26
[1 2 4 4 2 4 2 4 2 1] 26
[1 2 4 4 2 4 4 1 2 2] 26
[1 2 4 4 2 4 4 2 1 2] 26
[1 2 4 4 2 4 4 2 2 1] 26
[1 4 2 2 4 1 2 2 4 4] 26
[1 4 2 2 4 1 2 4 2 4] 26
[1 4 2 2 4 1 2 4 4 2] 26
[1 4 2 2 4 1 4 2 2 4] 26
[1 4 2 2 4 1 4 2 4 2] 26
[1 4 2 2 4 1 4 4 2 2] 26
[1 4 2 2 4 2 1 2 4 4] 26
[1 4 2 2 4 2 1 4 2 4] 26
[1 4 2 2 4 2 1 4 4 2] 26
[1 4 2 2 4 2 2 1 4 4] 26
[1 4 2 2 4 2 2 4 1 4] 26
[1 4 2 2 4 2 2 4 4 1] 26
[1 4 2 2 4 2 4 1 2 4] 26
[1 4 2 2 4 2 4 1 4 2] 26
[1 4 2 2 4 2 4 2 1 4] 26
[1 4 2 2 4 2 4 2 4 1] 26
[1 4 2 2 4 2 4 4 1 2] 26
[1 4 2 2 4 2 4 4 2 1] 26
[1 4 2 2 4 4 1 2 2 4] 26
[1 4 2 2 4 4 1 2 4 2] 26
[1 4 2 2 4 4 1 4 2 2] 26
[1 4 2 2 4 4 2 1 2 4] 26
[1 4 2 2 4 4 2 1 4 2] 26
[1 4 2 2 4 4 2 2 1 4] 26
[1 4 2 2 4 4 2 2 4 1] 26
[1 4 2 2 4 4 2 4 1 2] 26
[1 4 2 2 4 4 2 4 2 1] 26
[1 4 2 2 4 4 4 1 2 2] 26
[1 4 2 2 4 4 4 2 1 2] 26
[1 4 2 2 4 4 4 2 2 1] 26
[1 4 2 4 2 1 2 2 4 4] 26
[1 4 2 4 2 1 2 4 2 4] 26
[1 4 2 4 2 1 2 4 4 2] 26
[1 4 2 4 2 1 4 2 2 4] 26
[1 4 2 4 2 1 4 2 4 2] 26
[1 4 2 4 2 1 4 4 2 2] 26
[1 4 2 4 2 2 1 2 4 4] 26
[1 4 2 4 2 2 1 4 2 4] 26
[1 4 2 4 2 2 1 4 4 2] 26
[1 4 2 4 2 2 2 1 4 4] 26
[1 4 2 4 2 2 2 4 1 4] 26
[1 4 2 4 2 2 2 4 4 1] 26
[1 4 2 4 2 2 4 1 2 4] 26
[1 4 2 4 2 2 4 1 4 2] 26
[1 4 2 4 2 2 4 2 1 4] 26
[1 4 2 4 2 2 4 2 4 1] 26
[1 4 2 4 2 2 4 4 1 2] 26
[1 4 2 4 2 2 4 4 2 1] 26
[1 4 2 4 2 4 1 2 2 4] 26
[1 4 2 4 2 4 1 2 4 2] 26
[1 4 2 4 2 4 1 4 2 2] 26
[1 4 2 4 2 4 2 1 2 4] 26
[1 4 2 4 2 4 2 1 4 2] 26
[1 4 2 4 2 4 2 2 1 4] 26
[1 4 2 4 2 4 2 2 4 1] 26
[1 4 2 4 2 4 2 4 1 2] 26
[1 4 2 4 2 4 2 4 2 1] 26
[1 4 2 4 2 4 4 1 2 2] 26
[1 4 2 4 2 4 4 2 1 2] 26
[1 4 2 4 2 4 4 2 2 1] 26
[1 4 4 2 2 1 2 2 4 4] 26
[1 4 4 2 2 1 2 4 2 4] 26
[1 4 4 2 2 1 2 4 4 2] 26
[1 4 4 2 2 1 4 2 2 4] 26
[1 4 4 2 2 1 4 2 4 2] 26
[1 4 4 2 2 1 4 4 2 2] 26
[1 4 4 2 2 2 1 2 4 4] 26
[1 4 4 2 2 2 1 4 2 4] 26
[1 4 4 2 2 2 1 4 4 2] 26
[1 4 4 2 2 2 2 1 4 4] 26
[1 4 4 2 2 2 2 4 1 4] 26
[1 4 4 2 2 2 2 4 4 1] 26
[1 4 4 2 2 2 4 1 2 4] 26
[1 4 4 2 2 2 4 1 4 2] 26
[1 4 4 2 2 2 4 2 1 4] 26
[1 4 4 2 2 2 4 2 4 1] 26
[1 4 4 2 2 2 4 4 1 2] 26
[1 4 4 2 2 2 4 4 2 1] 26
[1 4 4 2 2 4 1 2 2 4] 26
[1 4 4 2 2 4 1 2 4 2] 26
[1 4 4 2 2 4 1 4 2 2] 26
[1 4 4 2 2 4 2 1 2 4] 26
[1 4 4 2 2 4 2 1 4 2] 26
[1 4 4 2 2 4 2 2 1 4] 26
[1 4 4 2 2 4 2 2 4 1] 26
[1 4 4 2 2 4 2 4 1 2] 26
[1 4 4 2 2 4 2 4 2 1] 26
[1 4 4 2 2 4 4 1 2 2] 26
[1 4 4 2 2 4 4 2 1 2] 26
[1 4 4 2 2 4 4 2 2 1] 26
[2 1 2 4 4 1 2 2 4 4] 26
[2 1 2 4 4 1 2 4 2 4] 26
[2 1 2 4 4 1 2 4 4 2] 26
[2 1 2 4 4 1 4 2 2 4] 26
[2 1 2 4 4 1 4 2 4 2] 26
[2 1 2 4 4 1 4 4 2 2] 26
[2 1 2 4 4 2 1 2 4 4] 26
[2 1 2 4 4 2 1 4 2 4] 26
[2 1 2 4 4 2 1 4 4 2] 26
[2 1 2 4 4 2 2 1 4 4] 26
[2 1 2 4 4 2 2 4 1 4] 26
[2 1 2 4 4 2 2 4 4 1] 26
[2 1 2 4 4 2 4 1 2 4] 26
[2 1 2 4 4 2 4 1 4 2] 26
[2 1 2 4 4 2 4 2 1 4] 26
[2 1 2 4 4 2 4 2 4 1] 26
[2 1 2 4 4 2 4 4 1 2] 26
[2 1 2 4 4 2 4 4 2 1] 26
[2 1 2 4 4 4 1 2 2 4] 26
[2 1 2 4 4 4 1 2 4 2] 26
[2 1 2 4 4 4 1 4 2 2] 26
[2 1 2 4 4 4 2 1 2 4] 26
[2 1 2 4 4 4 2 1 4 2] 26
[2 1 2 4 4 4 2 2 1 4] 26
[2 1 2 4 4 4 2 2 4 1] 26
[2 1 2 4 4 4 2 4 1 2] 26
[2 1 2 4 4 4 2 4 2 1] 26
[2 1 2 4 4 4 4 1 2 2] 26
[2 1 2 4 4 4 4 2 1 2] 26
[2 1 2 4 4 4 4 2 2 1] 26
[2 1 4 2 4 1 2 2 4 4] 26
[2 1 4 2 4 1 2 4 2 4] 26
[2 1 4 2 4 1 2 4 4 2] 26
[2 1 4 2 4 1 4 2 2 4] 26
[2 1 4 2 4 1 4 2 4 2] 26
[2 1 4 2 4 1 4 4 2 2] 26
[2 1 4 2 4 2 1 2 4 4] 26
[2 1 4 2 4 2 1 4 2 4] 26
[2 1 4 2 4 2 1 4 4 2] 26
[2 1 4 2 4 2 2 1 4 4] 26
[2 1 4 2 4 2 2 4 1 4] 26
[2 1 4 2 4 2 2 4 4 1] 26
[2 1 4 2 4 2 4 1 2 4] 26
[2 1 4 2 4 2 4 1 4 2] 26
[2 1 4 2 4 2 4 2 1 4] 26
[2 1 4 2 4 2 4 2 4 1] 26
[2 1 4 2 4 2 4 4 1 2] 26
[2 1 4 2 4 2 4 4 2 1] 26
[2 1 4 2 4 4 1 2 2 4] 26
[2 1 4 2 4 4 1 2 4 2] 26
[2 1 4 2 4 4 1 4 2 2] 26
[2 1 4 2 4 4 2 1 2 4] 26
[2 1 4 2 4 4 2 1 4 2] 26
[2 1 4 2 4 4 2 2 1 4] 26
[2 1 4 2 4 4 2 2 4 1] 26
[2 1 4 2 4 4 2 4 1 2] 26
[2 1 4 2 4 4 2 4 2 1] 26
[2 1 4 2 4 4 4 1 2 2] 26
[2 1 4 2 4 4 4 2 1 2] 26
[2 1 4 2 4 4 4 2 2 1] 26
[2 1 4 4 2 1 2 2 4 4] 26
[2 1 4 4 2 1 2 4 2 4] 26
[2 1 4 4 2 1 2 4 4 2] 26
[2 1 4 4 2 1 4 2 2 4] 26
[2 1 4 4 2 1 4 2 4 2] 26
[2 1 4 4 2 1 4 4 2 2] 26
[2 1 4 4 2 2 1 2 4 4] 26
[2 1 4 4 2 2 1 4 2 4] 26
[2 1 4 4 2 2 1 4 4 2] 26
[2 1 4 4 2 2 2 1 4 4] 26
[2 1 4 4 2 2 2 4 1 4] 26
[2 1 4 4 2 2 2 4 4 1] 26
[2 1 4 4 2 2 4 1 2 4] 26
[2 1 4 4 2 2 4 1 4 2] 26
[2 1 4 4 2 2 4 2 1 4] 26
[2 1 4 4 2 2 4 2 4 1] 26
[2 1 4 4 2 2 4 4 1 2] 26
[2 1 4 4 2 2 4 4 2 1] 26
[2 1 4 4 2 4 1 2 2 4] 26
[2 1 4 4 2 4 1 2 4 2] 26
[2 1 4 4 2 4 1 4 2 2] 26
[2 1 4 4 2 4 2 1 2 4] 26
[2 1 4 4 2 4 2 1 4 2] 26
[2 1 4 4 2 4 2 2 1 4] 26
[2 1 4 4 2 4 2 2 4 1] 26
[2 1 4 4 2 4 2 4 1 2] 26
[2 1 4 4 2 4 2 4 2 1] 26
[2 1 4 4 2 4 4 1 2 2] 26
[2 1 4 4 2 4 4 2 1 2] 26
[2 1 4 4 2 4 4 2 2 1] 26
[2 2 1 4 4 1 2 2 4 4] 26
[2 2 1 4 4 1 2 4 2 4] 26
[2 2 1 4 4 1 2 4 4 2] 26
[2 2 1 4 4 1 4 2 2 4] 26
[2 2 1 4 4 1 4 2 4 2] 26
[2 2 1 4 4 1 4 4 2 2] 26
[2 2 1 4 4 2 1 2 4 4] 26
[2 2 1 4 4 2 1 4 2 4] 26
[2 2 1 4 4 2 1 4 4 2] 26
[2 2 1 4 4 2 2 1 4 4] 26
[2 2 1 4 4 2 2 4 1 4] 26
[2 2 1 4 4 2 2 4 4 1] 26
[2 2 1 4 4 2 4 1 2 4] 26
[2 2 1 4 4 2 4 1 4 2] 26
[2 2 1 4 4 2 4 2 1 4] 26
[2 2 1 4 4 2 4 2 4 1] 26
[2 2 1 4 4 2 4 4 1 2] 26
[2 2 1 4 4 2 4 4 2 1] 26
[2 2 1 4 4 4 1 2 2 4] 26
[2 2 1 4 4 4 1 2 4 2] 26
[2 2 1 4 4 4 1 4 2 2] 26
[2 2 1 4 4 4 2 1 2 4] 26
[2 2 1 4 4 4 2 1 4 2] 26
[2 2 1 4 4 4 2 2 1 4] 26
[2 2 1 4 4 4 2 2 4 1] 26
[2 2 1 4 4 4 2 4 1 2] 26
[2 2 1 4 4 4 2 4 2 1] 26
[2 2 1 4 4 4 4 1 2 2] 26
[2 2 1 4 4 4 4 2 1 2] 26
[2 2 1 4 4 4 4 2 2 1] 26
[2 2 4 1 4 1 2 2 4 4] 26
[2 2 4 1 4 1 2 4 2 4] 26
[2 2 4 1 4 1 2 4 4 2] 26
[2 2 4 1 4 1 4 2 2 4] 26
[2 2 4 1 4 1 4 2 4 2] 26
[2 2 4 1 4 1 4 4 2 2] 26
[2 2 4 1 4 2 1 2 4 4] 26
[2 2 4 1 4 2 1 4 2 4] 26
[2 2 4 1 4 2 1 4 4 2] 26
[2 2 4 1 4 2 2 1 4 4] 26
[2 2 4 1 4 2 2 4 1 4] 26
[2 2 4 1 4 2 2 4 4 1] 26
[2 2 4 1 4 2 4 1 2 4] 26
[2 2 4 1 4 2 4 1 4 2] 26
[2 2 4 1 4 2 4 2 1 4] 26
[2 2 4 1 4 2 4 2 4 1] 26
[2 2 4 1 4 2 4 4 1 2] 26
[2 2 4 1 4 2 4 4 2 1] 26
[2 2 4 1 4 4 1 2 2 4] 26
[2 2 4 1 4 4 1 2 4 2] 26
[2 2 4 1 4 4 1 4 2 2] 26
[2 2 4 1 4 4 2 1 2 4] 26
[2 2 4 1 4 4 2 1 4 2] 26
[2 2 4 1 4 4 2 2 1 4] 26
[2 2 4 1 4 4 2 2 4 1] 26
[2 2 4 1 4 4 2 4 1 2] 26
[2 2 4 1 4 4 2 4 2 1] 26
[2 2 4 1 4 4 4 1 2 2] 26
[2 2 4 1 4 4 4 2 1 2] 26
[2 2 4 1 4 4 4 2 2 1] 26
[2 2 4 4 1 1 2 2 4 4] 26
[2 2 4 4 1 1 2 4 2 4] 26
[2 2 4 4 1 1 2 4 4 2] 26
[2 2 4 4 1 1 4 2 2 4] 26
[2 2 4 4 1 1 4 2 4 2] 26
[2 2 4 4 1 1 4 4 2 2] 26
[2 2 4 4 1 2 1 2 4 4] 26
[2 2 4 4 1 2 1 4 2 4] 26
[2 2 4 4 1 2 1 4 4 2] 26
[2 2 4 4 1 2 2 1 4 4] 26
[2 2 4 4 1 2 2 4 1 4] 26
[2 2 4 4 1 2 2 4 4 1] 26
[2 2 4 4 1 2 4 1 2 4] 26
[2 2 4 4 1 2 4 1 4 2] 26
[2 2 4 4 1 2 4 2 1 4] 26
[2 2 4 4 1 2 4 2 4 1] 26
[2 2 4 4 1 2 4 4 1 2] 26
[2 2 4 4 1 2 4 4 2 1] 26
[2 2 4 4 1 4 1 2 2 4] 26
[2 2 4 4 1 4 1 2 4 2] 26
[2 2 4 4 1 4 1 4 2 2] 26
[2 2 4 4 1 4 2 1 2 4] 26
[2 2 4 4 1 4 2 1 4 2] 26
[2 2 4 4 1 4 2 2 1 4] 26
[2 2 4 4 1 4 2 2 4 1] 26
[2 2 4 4 1 4 2 4 1 2] 26
[2 2 4 4 1 4 2 4 2 1] 26
[2 2 4 4 1 4 4 1 2 2] 26
[2 2 4 4 1 4 4 2 1 2] 26
[2 2 4 4 1 4 4 2 2 1] 26
[2 4 1 2 4 1 2 2 4 4] 26
[2 4 1 2 4 1 2 4 2 4] 26
[2 4 1 2 4 1 2 4 4 2] 26
[2 4 1 2 4 1 4 2 2 4] 26
[2 4 1 2 4 1 4 2 4 2] 26
[2 4 1 2 4 1 4 4 2 2] 26
[2 4 1 2 4 2 1 2 4 4] 26
[2 4 1 2 4 2 1 4 2 4] 26
[2 4 1 2 4 2 1 4 4 2] 26
[2 4 1 2 4 2 2 1 4 4] 26
[2 4 1 2 4 2 2 4 1 4] 26
[2 4 1 2 4 2 2 4 4 1] 26
[2 4 1 2 4 2 4 1 2 4] 26
[2 4 1 2 4 2 4 1 4 2] 26
[2 4 1 2 4 2 4 2 1 4] 26
[2 4 1 2 4 2 4 2 4 1] 26
[2 4 1 2 4 2 4 4 1 2] 26
[2 4 1 2 4 2 4 4 2 1] 26
[2 4 1 2 4 4 1 2 2 4] 26
[2 4 1 2 4 4 1 2 4 2] 26
[2 4 1 2 4 4 1 4 2 2] 26
[2 4 1 2 4 4 2 1 2 4] 26
[2 4 1 2 4 4 2 1 4 2] 26
[2 4 1 2 4 4 2 2 1 4] 26
[2 4 1 2 4 4 2 2 4 1] 26
[2 4 1 2 4 4 2 4 1 2] 26
[2 4 1 2 4 4 2 4 2 1] 26
[2 4 1 2 4 4 4 1 2 2] 26
[2 4 1 2 4 4 4 2 1 2] 26
[2 4 1 2 4 4 4 2 2 1] 26
[2 4 1 4 2 1 2 2 4 4] 26
[2 4 1 4 2 1 2 4 2 4] 26
[2 4 1 4 2 1 2 4 4 2] 26
[2 4 1 4 2 1 4 2 2 4] 26
[2 4 1 4 2 1 4 2 4 2] 26
[2 4 1 4 2 1 4 4 2 2] 26
[2 4 1 4 2 2 1 2 4 4] 26
[2 4 1 4 2 2 1 4 2 4] 26
[2 4 1 4 2 2 1 4 4 2] 26
[2 4 1 4 2 2 2 1 4 4] 26
[2 4 1 4 2 2 2 4 1 4] 26
[2 4 1 4 2 2 2 4 4 1] 26
[2 4 1 4 2 2 4 1 2 4] 26
[2 4 1 4 2 2 4 1 4 2] 26
[2 4 1 4 2 2 4 2 1 4] 26
[2 4 1 4 2 2 4 2 4 1] 26
[2 4 1 4 2 2 4 4 1 2] 26
[2 4 1 4 2 2 4 4 2 1] 26
[2 4 1 4 2 4 1 2 2 4] 26
[2 4 1 4 2 4 1 2 4 2] 26
[2 4 1 4 2 4 1 4 2 2] 26
[2 4 1 4 2 4 2 1 2 4] 26
[2 4 1 4 2 4 2 1 4 2] 26
[2 4 1 4 2 4 2 2 1 4] 26
[2 4 1 4 2 4 2 2 4 1] 26
[2 4 1 4 2 4 2 4 1 2] 26
[2 4 1 4 2 4 2 4 2 1] 26
[2 4 1 4 2 4 4 1 2 2] 26
[2 4 1 4 2 4 4 2 1 2] 26
[2 4 1 4 2 4 4 2 2 1] 26
[2 4 2 1 4 1 2 2 4 4] 26
[2 4 2 1 4 1 2 4 2 4] 26
[2 4 2 1 4 1 2 4 4 2] 26
[2 4 2 1 4 1 4 2 2 4] 26
[2 4 2 1 4 1 4 2 4 2] 26
[2 4 2 1 4 1 4 4 2 2] 26
[2 4 2 1 4 2 1 2 4 4] 26
[2 4 2 1 4 2 1 4 2 4] 26
[2 4 2 1 4 2 1 4 4 2] 26
[2 4 2 1 4 2 2 1 4 4] 26
[2 4 2 1 4 2 2 4 1 4] 26
[2 4 2 1 4 2 2 4 4 1] 26
[2 4 2 1 4 2 4 1 2 4] 26
[2 4 2 1 4 2 4 1 4 2] 26
[2 4 2 1 4 2 4 2 1 4] 26
[2 4 2 1 4 2 4 2 4 1] 26
[2 4 2 1 4 2 4 4 1 2] 26
[2 4 2 1 4 2 4 4 2 1] 26
[2 4 2 1 4 4 1 2 2 4] 26
[2 4 2 1 4 4 1 2 4 2] 26
[2 4 2 1 4 4 1 4 2 2] 26
[2 4 2 1 4 4 2 1 2 4] 26
[2 4 2 1 4 4 2 1 4 2] 26
[2 4 2 1 4 4 2 2 1 4] 26
[2 4 2 1 4 4 2 2 4 1] 26
[2 4 2 1 4 4 2 4 1 2] 26
[2 4 2 1 4 4 2 4 2 1] 26
[2 4 2 1 4 4 4 1 2 2] 26
[2 4 2 1 4 4 4 2 1 2] 26
[2 4 2 1 4 4 4 2 2 1] 26
[2 4 2 4 1 1 2 2 4 4] 26
[2 4 2 4 1 1 2 4 2 4] 26
[2 4 2 4 1 1 2 4 4 2] 26
[2 4 2 4 1 1 4 2 2 4] 26
[2 4 2 4 1 1 4 2 4 2] 26
[2 4 2 4 1 1 4 4 2 2] 26
[2 4 2 4 1 2 1 2 4 4] 26
[2 4 2 4 1 2 1 4 2 4] 26
[2 4 2 4 1 2 1 4 4 2] 26
[2 4 2 4 1 2 2 1 4 4] 26
[2 4 2 4 1 2 2 4 1 4] 26
[2 4 2 4 1 2 2 4 4 1] 26
[2 4 2 4 1 2 4 1 2 4] 26
[2 4 2 4 1 2 4 1 4 2] 26
[2 4 2 4 1 2 4 2 1 4] 26
[2 4 2 4 1 2 4 2 4 1] 26
[2 4 2 4 1 2 4 4 1 2] 26
[2 4 2 4 1 2 4 4 2 1] 26
[2 4 2 4 1 4 1 2 2 4] 26
[2 4 2 4 1 4 1 2 4 2] 26
[2 4 2 4 1 4 1 4 2 2] 26
[2 4 2 4 1 4 2 1 2 4] 26
[2 4 2 4 1 4 2 1 4 2] 26
[2 4 2 4 1 4 2 2 1 4] 26
[2 4 2 4 1 4 2 2 4 1] 26
[2 4 2 4 1 4 2 4 1 2] 26
[2 4 2 4 1 4 2 4 2 1] 26
[2 4 2 4 1 4 4 1 2 2] 26
[2 4 2 4 1 4 4 2 1 2] 26
[2 4 2 4 1 4 4 2 2 1] 26
[2 4 4 1 2 1 2 2 4 4] 26
[2 4 4 1 2 1 2 4 2 4] 26
[2 4 4 1 2 1 2 4 4 2] 26
[2 4 4 1 2 1 4 2 2 4] 26
[2 4 4 1 2 1 4 2 4 2] 26
[2 4 4 1 2 1 4 4 2 2] 26
[2 4 4 1 2 2 1 2 4 4] 26
[2 4 4 1 2 2 1 4 2 4] 26
[2 4 4 1 2 2 1 4 4 2] 26
[2 4 4 1 2 2 2 1 4 4] 26
[2 4 4 1 2 2 2 4 1 4] 26
[2 4 4 1 2 2 2 4 4 1] 26
[2 4 4 1 2 2 4 1 2 4] 26
[2 4 4 1 2 2 4 1 4 2] 26
[2 4 4 1 2 2 4 2 1 4] 26
[2 4 4 1 2 2 4 2 4 1] 26
[2 4 4 1 2 2 4 4 1 2] 26
[2 4 4 1 2 2 4 4 2 1] 26
[2 4 4 1 2 4 1 2 2 4] 26
[2 4 4 1 2 4 1 2 4 2] 26
[2 4 4 1 2 4 1 4 2 2] 26
[2 4 4 1 2 4 2 1 2 4] 26
[2 4 4 1 2 4 2 1 4 2] 26
[2 4 4 1 2 4 2 2 1 4] 26
[2 4 4 1 2 4 2 2 4 1] 26
[2 4 4 1 2 4 2 4 1 2] 26
[2 4 4 1 2 4 2 4 2 1] 26
[2 4 4 1 2 4 4 1 2 2] 26
[2 4 4 1 2 4 4 2 1 2] 26
[2 4 4 1 2 4 4 2 2 1] 26
[2 4 4 2 1 1 2 2 4 4] 26
[2 4 4 2 1 1 2 4 2 4] 26
[2 4 4 2 1 1 2 4 4 2] 26
[2 4 4 2 1 1 4 2 2 4] 26
[2 4 4 2 1 1 4 2 4 2] 26
[2 4 4 2 1 1 4 4 2 2] 26
[2 4 4 2 1 2 1 2 4 4] 26
[2 4 4 2 1 2 1 4 2 4] 26
[2 4 4 2 1 2 1 4 4 2] 26
[2 4 4 2 1 2 2 1 4 4] 26
[2 4 4 2 1 2 2 4 1 4] 26
[2 4 4 2 1 2 2 4 4 1] 26
[2 4 4 2 1 2 4 1 2 4] 26
[2 4 4 2 1 2 4 1 4 2] 26
[2 4 4 2 1 2 4 2 1 4] 26
[2 4 4 2 1 2 4 2 4 1] 26
[2 4 4 2 1 2 4 4 1 2] 26
[2 4 4 2 1 2 4 4 2 1] 26
[2 4 4 2 1 4 1 2 2 4] 26
[2 4 4 2 1 4 1 2 4 2] 26
[2 4 4 2 1 4 1 4 2 2] 26
[2 4 4 2 1 4 2 1 2 4] 26
[2 4 4 2 1 4 2 1 4 2] 26
[2 4 4 2 1 4 2 2 1 4] 26
[2 4 4 2 1 4 2 2 4 1] 26
[2 4 4 2 1 4 2 4 1 2] 26
[2 4 4 2 1 4 2 4 2 1] 26
[2 4 4 2 1 4 4 1 2 2] 26
[2 4 4 2 1 4 4 2 1 2] 26
[2 4 4 2 1 4 4 2 2 1] 26
[4 1 2 2 4 1 2 2 4 4] 26
[4 1 2 2 4 1 2 4 2 4] 26
[4 1 2 2 4 1 2 4 4 2] 26
[4 1 2 2 4 1 4 2 2 4] 26
[4 1 2 2 4 1 4 2 4 2] 26
[4 1 2 2 4 1 4 4 2 2] 26
[4 1 2 2 4 2 1 2 4 4] 26
[4 1 2 2 4 2 1 4 2 4] 26
[4 1 2 2 4 2 1 4 4 2] 26
[4 1 2 2 4 2 2 1 4 4] 26
[4 1 2 2 4 2 2 4 1 4] 26
[4 1 2 2 4 2 2 4 4 1] 26
[4 1 2 2 4 2 4 1 2 4] 26
[4 1 2 2 4 2 4 1 4 2] 26
[4 1 2 2 4 2 4 2 1 4] 26
[4 1 2 2 4 2 4 2 4 1] 26
[4 1 2 2 4 2 4 4 1 2] 26
[4 1 2 2 4 2 4 4 2 1] 26
[4 1 2 2 4 4 1 2 2 4] 26
[4 1 2 2 4 4 1 2 4 2] 26
[4 1 2 2 4 4 1 4 2 2] 26
[4 1 2 2 4 4 2 1 2 4] 26
[4 1 2 2 4 4 2 1 4 2] 26
[4 1 2 2 4 4 2 2 1 4] 26
[4 1 2 2 4 4 2 2 4 1] 26
[4 1 2 2 4 4 2 4 1 2] 26
[4 1 2 2 4 4 2 4 2 1] 26
[4 1 2 2 4 4 4 1 2 2] 26
[4 1 2 2 4 4 4 2 1 2] 26
[4 1 2 2 4 4 4 2 2 1] 26
[4 1 2 4 2 1 2 2 4 4] 26
[4 1 2 4 2 1 2 4 2 4] 26
[4 1 2 4 2 1 2 4 4 2] 26
[4 1 2 4 2 1 4 2 2 4] 26
[4 1 2 4 2 1 4 2 4 2] 26
[4 1 2 4 2 1 4 4 2 2] 26
[4 1 2 4 2 2 1 2 4 4] 26
[4 1 2 4 2 2 1 4 2 4] 26
[4 1 2 4 2 2 1 4 4 2] 26
[4 1 2 4 2 2 2 1 4 4] 26
[4 1 2 4 2 2 2 4 1 4] 26
[4 1 2 4 2 2 2 4 4 1] 26
[4 1 2 4 2 2 4 1 2 4] 26
[4 1 2 4 2 2 4 1 4 2] 26
[4 1 2 4 2 2 4 2 1 4] 26
[4 1 2 4 2 2 4 2 4 1] 26
[4 1 2 4 2 2 4 4 1 2] 26
[4 1 2 4 2 2 4 4 2 1] 26
[4 1 2 4 2 4 1 2 2 4] 26
[4 1 2 4 2 4 1 2 4 2] 26
[4 1 2 4 2 4 1 4 2 2] 26
[4 1 2 4 2 4 2 1 2 4] 26
[4 1 2 4 2 4 2 1 4 2] 26
[4 1 2 4 2 4 2 2 1 4] 26
[4 1 2 4 2 4 2 2 4 1] 26
[4 1 2 4 2 4 2 4 1 2] 26
[4 1 2 4 2 4 2 4 2 1] 26
[4 1 2 4 2 4 4 1 2 2] 26
[4 1 2 4 2 4 4 2 1 2] 26
[4 1 2 4 2 4 4 2 2 1] 26
[4 1 4 2 2 1 2 2 4 4] 26
[4 1 4 2 2 1 2 4 2 4] 26
[4 1 4 2 2 1 2 4 4 2] 26
[4 1 4 2 2 1 4 2 2 4] 26
[4 1 4 2 2 1 4 2 4 2] 26
[4 1 4 2 2 1 4 4 2 2] 26
[4 1 4 2 2 2 1 2 4 4] 26
[4 1 4 2 2 2 1 4 2 4] 26
[4 1 4 2 2 2 1 4 4 2] 26
[4 1 4 2 2 2 2 1 4 4] 26
[4 1 4 2 2 2 2 4 1 4] 26
[4 1 4 2 2 2 2 4 4 1] 26
[4 1 4 2 2 2 4 1 2 4] 26
[4 1 4 2 2 2 4 1 4 2] 26
[4 1 4 2 2 2 4 2 1 4] 26
[4 1 4 2 2 2 4 2 4 1] 26
[4 1 4 2 2 2 4 4 1 2] 26
[4 1 4 2 2 2 4 4 2 1] 26
[4 1 4 2 2 4 1 2 2 4] 26
[4 1 4 2 2 4 1 2 4 2] 26
[4 1 4 2 2 4 1 4 2 2] 26
[4 1 4 2 2 4 2 1 2 4] 26
[4 1 4 2 2 4 2 1 4 2] 26
[4 1 4 2 2 4 2 2 1 4] 26
[4 1 4 2 2 4 2 2 4 1] 26
[4 1 4 2 2 4 2 4 1 2] 26
[4 1 4 2 2 4 2 4 2 1] 26
[4 1 4 2 2 4 4 1 2 2] 26
[4 1 4 2 2 4 4 2 1 2] 26
[4 1 4 2 2 4 4 2 2 1] 26
[4 2 1 2 4 1 2 2 4 4] 26
[4 2 1 2 4 1 2 4 2 4] 26
[4 2 1 2 4 1 2 4 4 2] 26
[4 2 1 2 4 1 4 2 2 4] 26
[4 2 1 2 4 1 4 2 4 2] 26
[4 2 1 2 4 1 4 4 2 2] 26
[4 2 1 2 4 2 1 2 4 4] 26
[4 2 1 2 4 2 1 4 2 4] 26
[4 2 1 2 4 2 1 4 4 2] 26
[4 2 1 2 4 2 2 1 4 4] 26
[4 2 1 2 4 2 2 4 1 4] 26
[4 2 1 2 4 2 2 4 4 1] 26
[4 2 1 2 4 2 4 1 2 4] 26
[4 2 1 2 4 2 4 1 4 2] 26
[4 2 1 2 4 2 4 2 1 4] 26
[4 2 1 2 4 2 4 2 4 1] 26
[4 2 1 2 4 2 4 4 1 2] 26
[4 2 1 2 4 2 4 4 2 1] 26
[4 2 1 2 4 4 1 2 2 4] 26
[4 2 1 2 4 4 1 2 4 2] 26
[4 2 1 2 4 4 1 4 2 2] 26
[4 2 1 2 4 4 2 1 2 4] 26
[4 2 1 2 4 4 2 1 4 2] 26
[4 2 1 2 4 4 2 2 1 4] 26
[4 2 1 2 4 4 2 2 4 1] 26
[4 2 1 2 4 4 2 4 1 2] 26
[4 2 1 2 4 4 2 4 2 1] 26
[4 2 1 2 4 4 4 1 2 2] 26
[4 2 1 2 4 4 4 2 1 2] 26
[4 2 1 2 4 4 4 2 2 1] 26
[4 2 1 4 2 1 2 2 4 4] 26
[4 2 1 4 2 1 2 4 2 4] 26
[4 2 1 4 2 1 2 4 4 2] 26
[4 2 1 4 2 1 4 2 2 4] 26
[4 2 1 4 2 1 4 2 4 2] 26
[4 2 1 4 2 1 4 4 2 2] 26
[4 2 1 4 2 2 1 2 4 4] 26
[4 2 1 4 2 2 1 4 2 4] 26
[4 2 1 4 2 2 1 4 4 2] 26
[4 2 1 4 2 2 2 1 4 4] 26
[4 2 1 4 2 2 2 4 1 4] 26
[4 2 1 4 2 2 2 4 4 1] 26
[4 2 1 4 2 2 4 1 2 4] 26
[4 2 1 4 2 2 4 1 4 2] 26
[4 2 1 4 2 2 4 2 1 4] 26
[4 2 1 4 2 2 4 2 4 1] 26
[4 2 1 4 2 2 4 4 1 2] 26
[4 2 1 4 2 2 4 4 2 1] 26
[4 2 1 4 2 4 1 2 2 4] 26
[4 2 1 4 2 4 1 2 4 2] 26
[4 2 1 4 2 4 1 4 2 2] 26
[4 2 1 4 2 4 2 1 2 4] 26
[4 2 1 4 2 4 2 1 4 2] 26
[4 2 1 4 2 4 2 2 1 4] 26
[4 2 1 4 2 4 2 2 4 1] 26
[4 2 1 4 2 4 2 4 1 2] 26
[4 2 1 4 2 4 2 4 2 1] 26
[4 2 1 4 2 4 4 1 2 2] 26
[4 2 1 4 2 4 4 2 1 2] 26
[4 2 1 4 2 4 4 2 2 1] 26
[4 2 2 1 4 1 2 2 4 4] 26
[4 2 2 1 4 1 2 4 2 4] 26
[4 2 2 1 4 1 2 4 4 2] 26
[4 2 2 1 4 1 4 2 2 4] 26
[4 2 2 1 4 1 4 2 4 2] 26
[4 2 2 1 4 1 4 4 2 2] 26
[4 2 2 1 4 2 1 2 4 4] 26
[4 2 2 1 4 2 1 4 2 4] 26
[4 2 2 1 4 2 1 4 4 2] 26
[4 2 2 1 4 2 2 1 4 4] 26
[4 2 2 1 4 2 2 4 1 4] 26
[4 2 2 1 4 2 2 4 4 1] 26
[4 2 2 1 4 2 4 1 2 4] 26
[4 2 2 1 4 2 4 1 4 2] 26
[4 2 2 1 4 2 4 2 1 4] 26
[4 2 2 1 4 2 4 2 4 1] 26
[4 2 2 1 4 2 4 4 1 2] 26
[4 2 2 1 4 2 4 4 2 1] 26
[4 2 2 1 4 4 1 2 2 4] 26
[4 2 2 1 4 4 1 2 4 2] 26
[4 2 2 1 4 4 1 4 2 2] 26
[4 2 2 1 4 4 2 1 2 4] 26
[4 2 2 1 4 4 2 1 4 2] 26
[4 2 2 1 4 4 2 2 1 4] 26
[4 2 2 1 4 4 2 2 4 1] 26
[4 2 2 1 4 4 2 4 1 2] 26
[4 2 2 1 4 4 2 4 2 1] 26
[4 2 2 1 4 4 4 1 2 2] 26
[4 2 2 1 4 4 4 2 1 2] 26
[4 2 2 1 4 4 4 2 2 1] 26
[4 2 2 4 1 1 2 2 4 4] 26
[4 2 2 4 1 1 2 4 2 4] 26
[4 2 2 4 1 1 2 4 4 2] 26
[4 2 2 4 1 1 4 2 2 4] 26
[4 2 2 4 1 1 4 2 4 2] 26
[4 2 2 4 1 1 4 4 2 2] 26
[4 2 2 4 1 2 1 2 4 4] 26
[4 2 2 4 1 2 1 4 2 4] 26
[4 2 2 4 1 2 1 4 4 2] 26
[4 2 2 4 1 2 2 1 4 4] 26
[4 2 2 4 1 2 2 4 1 4] 26
[4 2 2 4 1 2 2 4 4 1] 26
[4 2 2 4 1 2 4 1 2 4] 26
[4 2 2 4 1 2 4 1 4 2] 26
[4 2 2 4 1 2 4 2 1 4] 26
[4 2 2 4 1 2 4 2 4 1] 26
[4 2 2 4 1 2 4 4 1 2] 26
[4 2 2 4 1 2 4 4 2 1] 26
[4 2 2 4 1 4 1 2 2 4] 26
[4 2 2 4 1 4 1 2 4 2] 26
[4 2 2 4 1 4 1 4 2 2] 26
[4 2 2 4 1 4 2 1 2 4] 26
[4 2 2 4 1 4 2 1 4 2] 26
[4 2 2 4 1 4 2 2 1 4] 26
[4 2 2 4 1 4 2 2 4 1] 26
[4 2 2 4 1 4 2 4 1 2] 26
[4 2 2 4 1 4 2 4 2 1] 26
[4 2 2 4 1 4 4 1 2 2] 26
[4 2 2 4 1 4 4 2 1 2] 26
[4 2 2 4 1 4 4 2 2 1] 26
[4 2 4 1 2 1 2 2 4 4] 26
[4 2 4 1 2 1 2 4 2 4] 26
[4 2 4 1 2 1 2 4 4 2] 26
[4 2 4 1 2 1 4 2 2 4] 26
[4 2 4 1 2 1 4 2 4 2] 26
[4 2 4 1 2 1 4 4 2 2] 26
[4 2 4 1 2 2 1 2 4 4] 26
[4 2 4 1 2 2 1 4 2 4] 26
[4 2 4 1 2 2 1 4 4 2] 26
[4 2 4 1 2 2 2 1 4 4] 26
[4 2 4 1 2 2 2 4 1 4] 26
[4 2 4 1 2 2 2 4 4 1] 26
[4 2 4 1 2 2 4 1 2 4] 26
[4 2 4 1 2 2 4 1 4 2] 26
[4 2 4 1 2 2 4 2 1 4] 26
[4 2 4 1 2 2 4 2 4 1] 26
[4 2 4 1 2 2 4 4 1 2] 26
[4 2 4 1 2 2 4 4 2 1] 26
[4 2 4 1 2 4 1 2 2 4] 26
[4 2 4 1 2 4 1 2 4 2] 26
[4 2 4 1 2 4 1 4 2 2] 26
[4 2 4 1 2 4 2 1 2 4] 26
[4 2 4 1 2 4 2 1 4 2] 26
[4 2 4 1 2 4 2 2 1 4] 26
[4 2 4 1 2 4 2 2 4 1] 26
[4 2 4 1 2 4 2 4 1 2] 26
[4 2 4 1 2 4 2 4 2 1] 26
[4 2 4 1 2 4 4 1 2 2] 26
[4 2 4 1 2 4 4 2 1 2] 26
[4 2 4 1 2 4 4 2 2 1] 26
[4 2 4 2 1 1 2 2 4 4] 26
[4 2 4 2 1 1 2 4 2 4] 26
[4 2 4 2 1 1 2 4 4 2] 26
[4 2 4 2 1 1 4 2 2 4] 26
[4 2 4 2 1 1 4 2 4 2] 26
[4 2 4 2 1 1 4 4 2 2] 26
[4 2 4 2 1 2 1 2 4 4] 26
[4 2 4 2 1 2 1 4 2 4] 26
[4 2 4 2 1 2 1 4 4 2] 26
[4 2 4 2 1 2 2 1 4 4] 26
[4 2 4 2 1 2 2 4 1 4] 26
[4 2 4 2 1 2 2 4 4 1] 26
[4 2 4 2 1 2 4 1 2 4] 26
[4 2 4 2 1 2 4 1 4 2] 26
[4 2 4 2 1 2 4 2 1 4] 26
[4 2 4 2 1 2 4 2 4 1] 26
[4 2 4 2 1 2 4 4 1 2] 26
[4 2 4 2 1 2 4 4 2 1] 26
[4 2 4 2 1 4 1 2 2 4] 26
[4 2 4 2 1 4 1 2 4 2] 26
[4 2 4 2 1 4 1 4 2 2] 26
[4 2 4 2 1 4 2 1 2 4] 26
[4 2 4 2 1 4 2 1 4 2] 26
[4 2 4 2 1 4 2 2 1 4] 26
[4 2 4 2 1 4 2 2 4 1] 26
[4 2 4 2 1 4 2 4 1 2] 26
[4 2 4 2 1 4 2 4 2 1] 26
[4 2 4 2 1 4 4 1 2 2] 26
[4 2 4 2 1 4 4 2 1 2] 26
[4 2 4 2 1 4 4 2 2 1] 26
[4 4 1 2 2 1 2 2 4 4] 26
[4 4 1 2 2 1 2 4 2 4] 26
[4 4 1 2 2 1 2 4 4 2] 26
[4 4 1 2 2 1 4 2 2 4] 26
[4 4 1 2 2 1 4 2 4 2] 26
[4 4 1 2 2 1 4 4 2 2] 26
[4 4 1 2 2 2 1 2 4 4] 26
[4 4 1 2 2 2 1 4 2 4] 26
[4 4 1 2 2 2 1 4 4 2] 26
[4 4 1 2 2 2 2 1 4 4] 26
[4 4 1 2 2 2 2 4 1 4] 26
[4 4 1 2 2 2 2 4 4 1] 26
[4 4 1 2 2 2 4 1 2 4] 26
[4 4 1 2 2 2 4 1 4 2] 26
[4 4 1 2 2 2 4 2 1 4] 26
[4 4 1 2 2 2 4 2 4 1] 26
[4 4 1 2 2 2 4 4 1 2] 26
[4 4 1 2 2 2 4 4 2 1] 26
[4 4 1 2 2 4 1 2 2 4] 26
[4 4 1 2 2 4 1 2 4 2] 26
[4 4 1 2 2 4 1 4 2 2] 26
[4 4 1 2 2 4 2 1 2 4] 26
[4 4 1 2 2 4 2 1 4 2] 26
[4 4 1 2 2 4 2 2 1 4] 26
[4 4 1 2 2 4 2 2 4 1] 26
[4 4 1 2 2 4 2 4 1 2] 26
[4 4 1 2 2 4 2 4 2 1] 26
[4 4 1 2 2 4 4 1 2 2] 26
[4 4 1 2 2 4 4 2 1 2] 26
[4 4 1 2 2 4 4 2 2 1] 26
[4 4 2 1 2 1 2 2 4 4] 26
[4 4 2 1 2 1 2 4 2 4] 26
[4 4 2 1 2 1 2 4 4 2] 26
[4 4 2 1 2 1 4 2 2 4] 26
[4 4 2 1 2 1 4 2 4 2] 26
[4 4 2 1 2 1 4 4 2 2] 26
[4 4 2 1 2 2 1 2 4 4] 26
[4 4 2 1 2 2 1 4 2 4] 26
[4 4 2 1 2 2 1 4 4 2] 26
[4 4 2 1 2 2 2 1 4 4] 26
[4 4 2 1 2 2 2 4 1 4] 26
[4 4 2 1 2 2 2 4 4 1] 26
[4 4 2 1 2 2 4 1 2 4] 26
[4 4 2 1 2 2 4 1 4 2] 26
[4 4 2 1 2 2 4 2 1 4] 26
[4 4 2 1 2 2 4 2 4 1] 26
[4 4 2 1 2 2 4 4 1 2] 26
[4 4 2 1 2 2 4 4 2 1] 26
[4 4 2 1 2 4 1 2 2 4] 26
[4 4 2 1 2 4 1 2 4 2] 26
[4 4 2 1 2 4 1 4 2 2] 26
[4 4 2 1 2 4 2 1 2 4] 26
[4 4 2 1 2 4 2 1 4 2] 26
[4 4 2 1 2 4 2 2 1 4] 26
[4 4 2 1 2 4 2 2 4 1] 26
[4 4 2 1 2 4 2 4 1 2] 26
[4 4 2 1 2 4 2 4 2 1] 26
[4 4 2 1 2 4 4 1 2 2] 26
[4 4 2 1 2 4 4 2 1 2] 26
[4 4 2 1 2 4 4 2 2 1] 26
[4 4 2 2 1 1 2 2 4 4] 26
[4 4 2 2 1 1 2 4 2 4] 26
[4 4 2 2 1 1 2 4 4 2] 26
[4 4 2 2 1 1 4 2 2 4] 26
[4 4 2 2 1 1 4 2 4 2] 26
[4 4 2 2 1 1 4 4 2 2] 26
[4 4 2 2 1 2 1 2 4 4] 26
[4 4 2 2 1 2 1 4 2 4] 26
[4 4 2 2 1 2 1 4 4 2] 26
[4 4 2 2 1 2 2 1 4 4] 26
[4 4 2 2 1 2 2 4 1 4] 26
[4 4 2 2 1 2 2 4 4 1] 26
[4 4 2 2 1 2 4 1 2 4] 26
[4 4 2 2 1 2 4 1 4 2] 26
[4 4 2 2 1 2 4 2 1 4] 26
[4 4 2 2 1 2 4 2 4 1] 26
[4 4 2 2 1 2 4 4 1 2] 26
[4 4 2 2 1 2 4 4 2 1] 26
[4 4 2 2 1 4 1 2 2 4] 26
[4 4 2 2 1 4 1 2 4 2] 26
[4 4 2 2 1 4 1 4 2 2] 26
[4 4 2 2 1 4 2 1 2 4] 26
[4 4 2 2 1 4 2 1 4 2] 26
[4 4 2 2 1 4 2 2 1 4] 26
[4 4 2 2 1 4 2 2 4 1] 26
[4 4 2 2 1 4 2 4 1 2] 26
[4 4 2 2 1 4 2 4 2 1] 26
[4 4 2 2 1 4 4 1 2 2] 26
[4 4 2 2 1 4 4 2 1 2] 26
[4 4 2 2 1 4 4 2 2 1] 26
